  -10.000000000000000       0.20000024473734102     
  -9.9232279999999999       0.20000024473734102     
  -9.8464559999999999       0.20000024473734102     
  -9.7696839999999998       0.20000024473734102     
  -9.6929119999999998       0.20000024473734102     
  -9.6161399999999997       0.20000024473734102     
  -9.5393679999999996       0.20000024473734102     
  -9.4625959999999996       0.20000024473734102     
  -9.3858239999999995       0.20000024473734102     
  -9.3090519999999994       0.20000024473734102     
  -9.2322799999999994       0.20000024473734102     
  -9.1555079999999993       0.20000024473734102     
  -9.0787359999999993       0.20000024473734102     
  -9.0019639999999992       0.20000024473734102     
  -8.9251919999999991       0.20000024473734102     
  -8.8484199999999991       0.20000024473734102     
  -8.7716479999999990       0.20000024473734102     
  -8.6948759999999989       0.20000024473734102     
  -8.6181039999999989       0.20000024473734102     
  -8.5413319999999988       0.20000024473734102     
  -8.4645599999999988       0.20000024473734102     
  -8.3877879999999987       0.20000024473734102     
  -8.3110159999999986       0.20000024473734102     
  -8.2342439999999986       0.20000024473734102     
  -8.1574719999999985       0.20000024473734102     
  -8.0806999999999984       0.20000024473734102     
  -8.0039279999999984       0.20000024473734102     
  -7.9271559999999983       0.20000024473734102     
  -7.8503839999999983       0.20000024473734102     
  -7.7736119999999982       0.20000024473734102     
  -7.6968399999999981       0.20000024473734102     
  -7.6200679999999981       0.20000024473734102     
  -7.5432959999999980       0.20000024473734102     
  -7.4665239999999979       0.20000024473734102     
  -7.3897519999999979       0.20000024473734102     
  -7.3129799999999978       0.20000024473734102     
  -7.2362079999999978       0.20000024473734102     
  -7.1594359999999977       0.20000024473734102     
  -7.0826639999999976       0.20000024473734102     
  -7.0058919999999976       0.20000024473734102     
  -6.9291199999999975       0.20000024473734102     
  -6.8523479999999974       0.20000024473734102     
  -6.7755759999999974       0.20000024473734102     
  -6.6988039999999973       0.20000024473734102     
  -6.6220319999999973       0.20000024473734102     
  -6.5452599999999972       0.20000024473734102     
  -6.4684879999999962       0.20000024473734102     
  -6.3917164915314029       0.20000024473734102     
  -6.3149455422827723       0.20000024473734102     
  -6.2381752292626871       0.20000024473734102     
  -6.1614056400826360       0.20000024473734102     
  -6.0846368744163666       0.20000024473734102     
  -6.0078690456599446       0.20000024473734102     
  -5.9311022828200910       0.20000024473734102     
  -5.8543367326621158       0.20000024473734102     
  -5.7775725621530771       0.20000024473734102     
  -5.7008099612406387       0.20000024473734102     
  -5.6240491460136326       0.20000024473734102     
  -5.5472903622965939       0.20000024473734102     
  -5.4705338897376556       0.20000024473734102     
  -5.3937800464572421       0.20000024473734102     
  -5.3170291943341601       0.20000024473734102     
  -5.2402817450160208       0.20000024473734102     
  -5.1635381667526739       0.20000024473734102     
  -5.0867989921645966       0.20000024473734102     
  -5.0100648270731840       0.20000024473734102     
  -4.9333363605368472       0.20000024473734102     
  -4.8566143762559397       0.20000024473734102     
  -4.7798997655311117       0.20000024473734102     
  -4.7031935419839490       0.20000024473734102     
  -4.6264968582760480       0.20000024473734102     
  -4.5498110250932555       0.20000024473734102     
  -4.4731375326960929       0.20000024473734102     
  -4.3964780753756072       0.20000024473734102     
  -4.3198345791965131       0.20000024473734107     
  -4.2432092334567431       0.20000024473734115     
  -4.1666045263447735       0.20000024473734146     
  -4.0900232853335607       0.20000024473734246     
  -4.0134687229127506       0.20000024473734573     
  -3.9369444883290985       0.20000024473735623     
  -3.8604547260785020       0.20000024473738898     
  -3.7840041419713604       0.20000024473748879     
  -3.7075980776752444       0.20000024473778585     
  -3.6312425947238407       0.20000024473864950     
  -3.5549445690668198       0.20000024474110151     
  -3.4787117973188373       0.20000024474789962     
  -3.4025531159433706       0.20000024476630304     
  -3.3264785346730981       0.20000024481494488     
  -3.2504993855158930       0.20000024494045543     
  -3.1746284887147618       0.20000024525658203     
  -3.0988803370090436       0.20000024603372651     
  -3.0232712994674142       0.20000024789816423     
  -2.9478198460112637       0.20000025226272744     
  -2.8725467934959603       0.20000026223095854     
  -2.7974755738383479       0.20000028443916235     
  -2.7226325241372158       0.20000033269574655     
  -2.6480471979896056       0.20000043494817057     
  -2.5737526962150485       0.20000064619356409     
  -2.4997860139140351       0.20000107161296576     
  -2.4261883991573998       0.20000190660314554     
  -2.3530057165847262       0.20000350357001451     
  -2.2802888067478291       0.20000647919047992     
  -2.2080938291554855       0.20001187982708674     
  -2.1364825736768993       0.20002142582650267     
  -2.0655227213127039       0.20003785583843423     
  -1.9952880314820083       0.20006538780298294     
  -1.9258584291312109       0.20011030151933307     
  -1.8573199614850466       0.20018162713805110     
  -1.7897645915976790       0.20029189487724863     
  -1.7232897946131143       0.20045786721598352     
  -1.6579979235078182       0.20070114281143636     
  -1.5939953148176025       0.20104850115720510     
  -1.5313911121644510       0.20153185841542362     
  -1.4702957968485997       0.20218773417754266     
  -1.4108194305727058       0.20305618533533615     
  -1.3530696352137357       0.20417923757651454     
  -1.2971493574657054       0.20559892165483115     
  -1.2431544903789160       0.20735508341004139     
  -1.1911714468183261       0.20948317062422533     
  -1.1412747986313114       0.21201220139362925     
  -1.0935251067075982       0.21496309147994663     
  -1.0479670684140521       0.21834747150482278     
  -1.0046280984042502       0.22216706979941447     
 -0.96351743637891474       0.22641368218467897     
 -0.92462584263732339       0.23106970143625843     
 -0.88792590252589898       0.23610913913038650     
 -0.85337291867777576       0.24149904177975562     
 -0.82090633020322745       0.24720118211209335     
 -0.79045156525487814       0.25317389567908127     
 -0.76192221096776935       0.25937393331111863     
 -0.73522237429159976       0.26575821114044551     
 -0.71024910853235346       0.27228536062339476     
 -0.68689479181306390       0.27891700846630907     
 -0.66504936243107404       0.28561874692246203     
 -0.64460233908614795       0.29236078470067495     
 -0.62544457815630172       0.29911829439596116     
 -0.60746974310572344       0.30587149171150035     
 -0.59057548095794765       0.31260549388975090     
 -0.57466431656896799       0.31931000999259690     
 -0.55964428688462098       0.32597891509927213     
 -0.54542934468017168       0.33260975570104778     
 -0.53193956500922190       0.33920322621201826     
 -0.51910118845266262       0.34576264804567264     
 -0.50684653400986057       0.35229347425622720     
 -0.49511381181161157       0.35880283507114885     
 -0.48384686234913848       0.36529913316881851     
 -0.47299484507062706       0.37179169243717625     
 -0.46251189533649345       0.37829046015263479     
 -0.45235676507590361       0.38480575989757215     
 -0.44249245918836644       0.39134809088912603     
 -0.43288587685435098       0.39792796850918533     
 -0.42350746447681564       0.40455580050651174     
 -0.41433088495697140       0.41124179341541489     
 -0.40533270637797408       0.41799588406257965     
 -0.39649211188445549       0.42482769150788235     
 -0.38779063155502547       0.43174648530832654     
 -0.37921189632100877       0.43876116655247055     
 -0.37074141344306566       0.44588025865049152     
 -0.36236636267818995       0.45311190536114787     
 -0.35407541201850828       0.46046387398030497     
 -0.34585855173134228       0.46794356200240217     
 -0.33770694535321494       0.47555800589682395     
 -0.32961279626947015       0.48331389091896571     
 -0.32156922853043779       0.49121756110570336     
 -0.31357018060243091       0.49927502879243385     
 -0.30561031081787887       0.50749198313930821     
 -0.29768491336638248       0.51587379727286320     
 -0.28978984375204370       0.52442553374048262     
 -0.28192145272810787       0.53315194804284005     
 -0.27407652780492864       0.54205749005676940     
 -0.26625224150955062       0.55114630319013358     
 -0.25844610565349646       0.56042222112265327     
 -0.25065593093883382       0.56988876198284999     
 -0.24287979130084822       0.57954911979077317     
 -0.23511599244849229       0.58940615295738108     
 -0.22736304412124514       0.59946236957130994     
 -0.21961963563325893       0.60971990911737373     
 -0.21188461432293859       0.62018052015126290     
 -0.20415696656869722       0.63084553329084314     
 -0.19643580106988517       0.64171582866097865     
 -0.18872033412614889       0.65279179662374187     
 -0.18100987667907784       0.66407329020737693     
 -0.17330382290727606       0.67555956706877929     
 -0.16560164019026657       0.68724921801681438     
 -0.15790286027819961       0.69914007798491662     
 -0.15020707152346421       0.71122911371581854     
 -0.14251391204725417       0.72351228007068247     
 -0.13482306372914390       0.73598433342792213     
 -0.12713424692100117       0.74863858550506424     
 -0.11944721579829061       0.76146657317146782     
 -0.11176175427218075       0.77445760786369211     
 -0.10407767239500752       0.78759814946611295     
  -9.6394803199712595E-002  0.80087091954397915     
  -8.8712999920985525E-002  0.81425361992601397     
  -8.1032133552106450E-002  0.82771704127572665     
  -7.3352090697008682E-002  0.84122220828864802     
  -6.5672771681945227E-002  0.85471597028447066     
  -5.7994088895426926E-002  0.86812403240915792     
  -5.0315965328871642E-002  0.88133970961539565     
  -4.2638333293723560E-002  0.89420551520872915     
  -3.4961133293723565E-002  0.90648307552428964     
  -2.7283501258575479E-002  0.91780710422322187     
  -1.9605377692020188E-002  0.92761886220736356     
  -1.1926694905501887E-002  0.93511952878875437     
  -4.2473758904384273E-003  0.93935307138162338     
   3.4326669646593472E-003  0.93986842996051756     
   1.1113533333538437E-002  0.93868733320985509     
   1.8795336612265519E-002  0.93633213350163702     
   2.6478205807560461E-002  0.93293496424996913     
   3.4162287684733700E-002  0.92865609980325825     
   4.1847749210843568E-002  0.92365717676653603     
   4.9534780333554143E-002  0.91808451537097158     
   5.7223597141696905E-002  0.91206217205299867     
   6.4914445459807180E-002  0.90569134254695416     
   7.2607604936017256E-002  0.89905285415440872     
   8.0303393690752678E-002  0.89221064608693723     
   8.8002173602819672E-002  0.88521517963517482     
   9.5704356319829195E-002  0.87810636582808810     
  0.10341041009163103       0.87091592356395853     
  0.11112086753870212       0.86366921729507817     
  0.11883633448243847       0.85638666526111118     
  0.12655749998125057       0.84908481049435180     
  0.13428514773549199       0.84177713360464357     
  0.14202016904581241       0.83447467021032140     
  0.14976357753379871       0.82718648121319505     
  0.15751652586104595       0.81992001216730737     
  0.16528032471340198       0.81268136875221619     
  0.17305646435138772       0.80547552840641745     
  0.18084663906605053       0.79830650301157613     
  0.18865277492210486       0.79117746370608533     
  0.19647706121748307       0.78409083609729202     
  0.20432198614066255       0.77704837206945587     
  0.21219037716459860       0.77005120285211237     
  0.22008544677893763       0.76309987687723690     
  0.22801084423043433       0.75619438510955561     
  0.23597071401498676       0.74933417590782048     
  0.24396976194299402       0.74251816101261070     
  0.25201332968202683       0.73574471392051510     
  0.26010747876577212       0.72901166166928211     
  0.26825908514390007       0.72231627090614636     
  0.27647594543106674       0.71565522903113721     
  0.28476689609074918       0.70902462119300536     
  0.29314194685562572       0.70241990396599319     
  0.30161242973356983       0.69583587665303082     
  0.31019116496758764       0.68926665135019838     
  0.31889264529701894       0.68270562317609418     
  0.32773323979053892       0.67614544242787644     
  0.33673141836953785       0.66957799088433734     
  0.34590799788938392       0.66299436504694964     
  0.35528641026692132       0.65638486980275013     
  0.36489299260093910       0.64973902681496509     
  0.37475729848847894       0.64304560289842605     
  0.38491242874907178       0.63629266470531698     
  0.39539537848320871       0.62946766720293268     
  0.40624739576172392       0.62255758461279076     
  0.41751434522420122       0.61554909360689081     
  0.42924706742245494       0.60842881948088090     
  0.44150172186526232       0.60118365654320183     
  0.45434009842182754       0.59380117379981534     
  0.46782987809278392       0.58627011582417787     
  0.48204482029724061       0.57858100605696006     
  0.49706484998159572       0.57072685520482480     
  0.51297601437058438       0.56270397042722498     
  0.52987027651837004       0.55451285122559424     
  0.54784511156895921       0.54615914520603603     
  0.56700287249881731       0.53765462138457121     
  0.58744989584375629       0.52901810123100246     
  0.60929532522576002       0.52027626974968855     
  0.63264964194506446       0.51146427298117447     
  0.65762290770432685       0.50262599759239623     
  0.68432274438051355       0.49381392642710487     
  0.71285209866764032       0.48508847464882338     
  0.74330686361600851       0.47651673712031961     
  0.77577345209057647       0.46817061970483864     
  0.81032643593872000       0.46012438328540151     
  0.84702637605016518       0.45245169443447497     
  0.88591796979177773       0.44522234308326114     
  0.92702863181713446       0.43849884595197092     
  0.97036760182695769       0.43233319574395096     
   1.0159256401205248       0.42676403278721486     
   1.0636753320442587       0.42181450343549992     
   1.1135719802312936       0.41749102687508061     
   1.1655550237919030       0.41378312082751956     
   1.2195498908787112       0.41066434165526577     
   1.2754701686267595       0.40809428339941478     
   1.3332199639857467       0.40602146501783132     
   1.3926963302616566       0.40438683134825082     
   1.4537916455775228       0.40312751943006642     
   1.5163958482306883       0.40218051462193105     
   1.5803984569209168       0.40148585009114846     
   1.6456903280262249       0.40098908617504725     
   1.7121651250108005       0.40064292669330032     
   1.7797204948981782       0.40040796157061587     
   1.8482589625443515       0.40025264118141529     
   1.9176885648951572       0.40015266635173435     
   1.9879232547258601       0.40009000992401045     
   2.0588831070900619       0.40005177510838175     
   2.1304943625686543       0.40002905553068879     
   2.2026893401610033       0.40001590821886157     
   2.2754062499979053       0.40000849802087385     
   2.3485889325705829       0.40000442938868541     
   2.4221865473272217       0.40000225284174107     
   2.4961532296282383       0.40000111817896861     
   2.5704477314027985       0.40000054164640342     
   2.6450330575504113       0.40000025607304240     
   2.7198761072515456       0.40000011815368341     
   2.7949473269091598       0.40000005319744403     
   2.8702203794244650       0.40000002335900903     
   2.9456718328806168       0.40000000998816593     
   3.0212808704222476       0.40000000414250514     
   3.0970290221279666       0.40000000164870708     
   3.1728999189290992       0.40000000061046437     
   3.2488790680863051       0.40000000018857362     
   3.3249536493565786       0.40000000002122804     
   3.4011123307320461       0.39999999995642616     
   3.4773451024800290       0.39999999993192625     
   3.5536431281370504       0.39999999992288177     
   3.6299986110884546       0.39999999991962126     
   3.7064046753845710       0.39999999991847335     
   3.7828552594917131       0.39999999991807877     
   3.8593450217423100       0.39999999991794616     
   3.9358692563259625       0.39999999991790269     
   4.0124238187467727       0.39999999991788882     
   4.0890050597579854       0.39999999991788443     
   4.1656097668699550       0.39999999991788310     
   4.2422351126097260       0.39999999991788271     
   4.3188786087888209       0.39999999991788249     
   4.3955380661093066       0.39999999991788249     
   4.4722115585064701       0.39999999991788249     
   4.5488973916892625       0.39999999991788249     
   4.6255940753971645       0.39999999991788249     
   4.7023002989443272       0.39999999991788249     
   4.7790149096691552       0.39999999991788249     
   4.8557368939500627       0.39999999991788249     
   4.9324653604863995       0.39999999991788249     
   5.0091995255778121       0.39999999991788249     
   5.0859387001658893       0.39999999991788249     
   5.1626822784292363       0.39999999991788249     
   5.2394297277473756       0.39999999991788249     
   5.3161805798704576       0.39999999991788249     
   5.3929344231508711       0.39999999991788249     
   5.4696908957098094       0.39999999991788249     
   5.5464496794268481       0.39999999991788249     
   5.6232104946538541       0.39999999991788249     
   5.6999730955662926       0.39999999991788249     
   5.7767372660753313       0.39999999991788249     
   5.8535028162333065       0.39999999991788249     
   5.9302695790731601       0.39999999991788249     
   6.0070374078295821       0.39999999991788249     
   6.0838061734958515       0.39999999991788249     
   6.1605757626759026       0.39999999991788249     
   6.2373460756959878       0.39999999991788249     
   6.3141170249446184       0.39999999991788249     
   6.3908885334132117       0.39999999991788249     
   6.4676605334132127       0.39999999991788249     
   6.5444325334132127       0.39999999991788249     
   6.6212045334132128       0.39999999991788249     
   6.6979765334132129       0.39999999991788249     
   6.7747485334132129       0.39999999991788249     
   6.8515205334132130       0.39999999991788249     
   6.9282925334132131       0.39999999991788249     
   7.0050645334132131       0.39999999991788249     
   7.0818365334132132       0.39999999991788249     
   7.1586085334132132       0.39999999991788249     
   7.2353805334132133       0.39999999991788249     
   7.3121525334132134       0.39999999991788249     
   7.3889245334132134       0.39999999991788249     
   7.4656965334132135       0.39999999991788249     
   7.5424685334132135       0.39999999991788249     
   7.6192405334132136       0.39999999991788249     
   7.6960125334132137       0.39999999991788249     
   7.7727845334132137       0.39999999991788249     
   7.8495565334132138       0.39999999991788249     
   7.9263285334132139       0.39999999991788249     
   8.0031005334132139       0.39999999991788249     
   8.0798725334132140       0.39999999991788249     
   8.1566445334132140       0.39999999991788249     
   8.2334165334132141       0.39999999991788249     
   8.3101885334132142       0.39999999991788249     
   8.3869605334132142       0.39999999991788249     
   8.4637325334132143       0.39999999991788249     
   8.5405045334132144       0.39999999991788249     
   8.6172765334132144       0.39999999991788249     
   8.6940485334132145       0.39999999991788249     
   8.7708205334132145       0.39999999991788249     
   8.8475925334132146       0.39999999991788249     
   8.9243645334132147       0.39999999991788249     
   9.0011365334132147       0.39999999991788249     
   9.0779085334132148       0.39999999991788249     
   9.1546805334132149       0.39999999991788249     
   9.2314525334132149       0.39999999991788249     
   9.3082245334132150       0.39999999991788249     
   9.3849965334132150       0.39999999991788249     
   9.4617685334132151       0.39999999991788249     
   9.5385405334132152       0.39999999991788249     
   9.6153125334132152       0.39999999991788249     
   9.6920845334132153       0.39999999991788249     
   9.7688565334132154       0.39999999991788249     
   9.8456285334132154       0.39999999991788249     
   9.9224005334132155       0.39999999991788249     
   9.9991725334132155       0.39999999991788249     
