  -10.000000000000000        0.0000000000000000        0.0000000000000000        0.0000000000000000        1.0605908886377249       0.20236719196244579       0.77560216540136928        27.513020833332575                9
  -9.8913510000000002        0.0000000000000000        0.0000000000000000        0.0000000000000000        1.0605908886377249       0.20236719196244579       0.77560216540136928        27.513020833332575                9
  -9.7827020000000005        0.0000000000000000        5.5511151231257827E-017   0.0000000000000000        1.0605908886377249       0.20236719196244579       0.77560216540136928        27.513020833332575                9
  -9.6740530000000007        0.0000000000000000       -5.5511151231257827E-017   1.1102230246251565E-016   1.0605908886377249       0.20236719196244579       0.77560216540136928        27.513020833332575                9
  -9.5654040000000009       -2.2204460492503131E-016   2.7755575615628914E-017   0.0000000000000000        1.0605908886377249       0.20236719196244579       0.77560216540136928        27.513020833332575                9
  -9.4567550000000011       -2.2204460492503131E-016   2.7755575615628914E-017   0.0000000000000000        1.0605908886377249       0.20236719196244579       0.77560216540136928        27.513020833332575                9
  -9.3481060000000014        0.0000000000000000        0.0000000000000000        0.0000000000000000        1.0605908886377249       0.20236719196244579       0.77560216540136928        27.513020833332575                9
  -9.2394570000000016        0.0000000000000000       -2.7755575615628914E-017   0.0000000000000000        1.0605908886377249       0.20236719196244579       0.77560216540136928        27.513020833332575                9
  -9.1308080000000018        2.2204460492503131E-016  -2.7755575615628914E-017   1.1102230246251565E-016   1.0605908886377249       0.20236719196244579       0.77560216540136928        27.513020833332575                9
  -9.0221590000000020        0.0000000000000000       -2.7755575615628914E-017   0.0000000000000000        1.0605908886377249       0.20236719196244579       0.77560216540136928        27.513020833332575                9
  -8.9135100000000023        0.0000000000000000        0.0000000000000000        0.0000000000000000        1.0605908886377249       0.20236719196244579       0.77560216540136928        27.513020833332575                9
  -8.8048610000000025        0.0000000000000000        0.0000000000000000        0.0000000000000000        1.0605908886377249       0.20236719196244579       0.77560216540136928        27.513020833332575                9
  -8.6962120000000027        0.0000000000000000        0.0000000000000000        0.0000000000000000        1.0605908886377249       0.20236719196244579       0.77560216540136928        27.513020833332575                9
  -8.5875630000000029        0.0000000000000000        0.0000000000000000        0.0000000000000000        1.0605908886377249       0.20236719196244579       0.77560216540136928        27.513020833332575                9
  -8.4789140000000032        0.0000000000000000        0.0000000000000000        0.0000000000000000        1.0605908886377249       0.20236719196244579       0.77560216540136928        27.513020833332575                9
  -8.3702650000000034        0.0000000000000000        2.7755575615628914E-017   0.0000000000000000        1.0605908886377249       0.20236719196244579       0.77560216540136928        27.513020833332575                9
  -8.2616160000000036       -2.2204460492503131E-016   2.7755575615628914E-017   0.0000000000000000        1.0605908886377249       0.20236719196244579       0.77560216540136928        27.513020833332575                9
  -8.1529670000000038        0.0000000000000000        0.0000000000000000        0.0000000000000000        1.0605908886377249       0.20236719196244579       0.77560216540136928        27.513020833332575                9
  -8.0443180000000041        0.0000000000000000        0.0000000000000000        0.0000000000000000        1.0605908886377249       0.20236719196244579       0.77560216540136928        27.513020833332575                9
  -7.9356690000000043        0.0000000000000000        0.0000000000000000        0.0000000000000000        1.0605908886377249       0.20236719196244579       0.77560216540136928        27.513020833332575                9
  -7.8270200000000045        2.2204460492503131E-016  -2.7755575615628914E-017  -1.1102230246251565E-016   1.0605908886377249       0.20236719196244579       0.77560216540136928        27.513020833332575                9
  -7.7183710000000048        0.0000000000000000        0.0000000000000000        0.0000000000000000        1.0605908886377249       0.20236719196244579       0.77560216540136928        27.513020833332575                9
  -7.6097220000000050        0.0000000000000000        0.0000000000000000        0.0000000000000000        1.0605908886377249       0.20236719196244579       0.77560216540136928        27.513020833332575                9
  -7.5010730000000052        0.0000000000000000        0.0000000000000000        0.0000000000000000        1.0605908886377249       0.20236719196244579       0.77560216540136928        27.513020833332575                9
  -7.3924240000000054        0.0000000000000000        0.0000000000000000        0.0000000000000000        1.0605908886377249       0.20236719196244579       0.77560216540136928        27.513020833332575                9
  -7.2837750000000057        0.0000000000000000        0.0000000000000000        0.0000000000000000        1.0605908886377249       0.20236719196244579       0.77560216540136928        27.513020833332575                9
  -7.1751260000000059        0.0000000000000000        0.0000000000000000       -2.2204460492503131E-016   1.0605908886377249       0.20236719196244579       0.77560216540136928        27.513020833332575                9
  -7.0664770000000061        0.0000000000000000       -2.7755575615628914E-017   0.0000000000000000        1.0605908886377249       0.20236719196244579       0.77560216540136928        27.513020833332575                9
  -6.9578280000000063        0.0000000000000000       -2.7755575615628914E-017  -1.1102230246251565E-016   1.0605908886377249       0.20236719196244579       0.77560216540136928        27.513020833332575                9
  -6.8491790000000066        0.0000000000000000        2.7755575615628914E-017   0.0000000000000000        1.0605908886377249       0.20236719196244579       0.77560216540136928        27.513020833332575                9
  -6.7405300000000068        0.0000000000000000        0.0000000000000000        0.0000000000000000        1.0605908886377249       0.20236719196244579       0.77560216540136928        27.513020833332575                9
  -6.6318810000000070        0.0000000000000000        0.0000000000000000        0.0000000000000000        1.0605908886377249       0.20236719196244579       0.77560216540136928        27.513020833332575                9
  -6.5232320000000072        0.0000000000000000        0.0000000000000000        0.0000000000000000        1.0605908886377249       0.20236719196244579       0.77560216540136928        27.513020833332575                9
  -6.4145830000000075        0.0000000000000000        0.0000000000000000        0.0000000000000000        1.0605908886377249       0.20236719196244579       0.77560216540136928        27.513020833332575                9
  -6.3059340000000077        0.0000000000000000        0.0000000000000000        0.0000000000000000        1.0605908886377249       0.20236719196244579       0.77560216540136928        27.513020833332575                9
  -6.1972850000000079        0.0000000000000000       -2.7755575615628914E-017   0.0000000000000000        1.0605908886377249       0.20236719196244579       0.77560216540136928        27.513020833332575                9
  -6.0886360000000082        0.0000000000000000        0.0000000000000000       -2.2204460492503131E-016   1.0605908886377249       0.20236719196244579       0.77560216540136928        27.513020833332575                9
  -5.9799870000000084        2.2204460492503131E-016  -2.7755575615628914E-017   0.0000000000000000        1.0605908886377249       0.20236719196244579       0.77560216540136928        27.513020833332575                9
  -5.8713380000000086        0.0000000000000000        0.0000000000000000        0.0000000000000000        1.0605908886377249       0.20236719196244579       0.77560216540136928        27.513020833332575                9
  -5.7626890000000088        0.0000000000000000        2.7755575615628914E-017   0.0000000000000000        1.0605908886377249       0.20236719196244579       0.77560216540136928        27.513020833332575                9
  -5.6540400000000091        0.0000000000000000       -2.7755575615628914E-017  -1.1102230246251565E-016   1.0605908886377249       0.20236719196244579       0.77560216540136928        27.513020833332575                9
  -5.5454080348087089        4.4408920985006262E-016  -5.5511151231257827E-017   0.0000000000000000        1.0605908886377249       0.20236719196244576       0.77560216540136928        27.513020833332575                9
  -5.4367963545242075        0.0000000000000000        0.0000000000000000        0.0000000000000000        1.0605908886377249       0.20236719196244579       0.77560216540136928        27.513020833332575                9
  -5.3282088275749624        0.0000000000000000       -2.7755575615628914E-017   0.0000000000000000        1.0605908886377249       0.20236719196244579       0.77560216540136917        27.513020833332575                9
  -5.2196500576206937       -2.2204460492503131E-016   2.7755575615628914E-017   0.0000000000000000        1.0605908886377249       0.20236719196244576       0.77560216540136939        27.513020833332575                9
  -5.1111255222466587        0.0000000000000000        0.0000000000000000        0.0000000000000000        1.0605908886377249       0.20236719196244579       0.77560216540136928        27.513020833332575                9
  -5.0026417373853072        0.0000000000000000        0.0000000000000000        1.1102230246251565E-016   1.0605908886377249       0.20236719196244579       0.77560216540136939        27.513020833332575                9
  -4.8942064520552204        0.0000000000000000        0.0000000000000000        0.0000000000000000        1.0605908886377249       0.20236719196244576       0.77560216540136917        27.513020833332575                9
  -4.7858288787491921        0.0000000000000000        0.0000000000000000        0.0000000000000000        1.0605908886377249       0.20236719196244579       0.77560216540136928        27.513020833332575                9
  -4.6775199656320021        0.0000000000000000        0.0000000000000000       -1.1102230246251565E-016   1.0605908886377249       0.20236719196244579       0.77560216540136939        27.513020833332575                9
  -4.5692927176185369       -2.2204460492503131E-016   2.7755575615628914E-017   0.0000000000000000        1.0605908886377249       0.20236719196244579       0.77560216540136939        27.513020833332575                9
  -4.4611625743797081        0.0000000000000000        0.0000000000000000        0.0000000000000000        1.0605908886377249       0.20236719196244579       0.77560216540136928        27.513020833332575                9
  -4.3531478543381930        0.0000000000000000        0.0000000000000000        0.0000000000000000        1.0605908886377249       0.20236719196244582       0.77560216540136917        27.513020833332575                9
  -4.2452702747187638        0.0000000000000000        0.0000000000000000        0.0000000000000000        1.0605908886377249       0.20236719196244576       0.77560216540136939        27.513020833332575                9
  -4.1375555586295292       -2.2204460492503131E-016   2.7755575615628914E-017   0.0000000000000000        1.0605908886377249       0.20236719196244579       0.77560216540136939        27.513020833332575                9
  -4.0300341408500548        0.0000000000000000        0.0000000000000000       -1.1102230246251565E-016   1.0605908886377249       0.20236719196244937       0.77560216540136884        27.513020833332575                9
  -3.9227419843128084        0.0000000000000000       -2.7755575615628914E-017   0.0000000000000000        1.0605908886377218       0.20236719196246455       0.77560216540136595        27.513020833332575                9
  -3.8157215189331644        0.0000000000000000        0.0000000000000000        0.0000000000000000        1.0605908886377060       0.20236719196253850       0.77560216540134952        27.513020833332575                9
  -3.7090227131206768        0.0000000000000000        2.7755575615628914E-017   0.0000000000000000        1.0605908886376341       0.20236719196288264       0.77560216540127602        27.513020833332575                9
  -3.6027042855198728        0.0000000000000000        0.0000000000000000        0.0000000000000000        1.0605908886373154       0.20236719196440009       0.77560216540095006        27.513020833332575                9
  -3.4968350596686917        0.0000000000000000        0.0000000000000000        0.0000000000000000        1.0605908886359836       0.20236719197075417       0.77560216539958626        27.513020833332575                9
  -3.3914954565558255        0.0000000000000000        0.0000000000000000        0.0000000000000000        1.0605908886306825       0.20236719199604239       0.77560216539415905        27.513020833332575                9
  -3.2867791085818148        0.0000000000000000        0.0000000000000000        0.0000000000000000        1.0605908886106523       0.20236719209158788       0.77560216537365190        27.513020833332575                9
  -3.1827945621512375        0.0000000000000000        0.0000000000000000        0.0000000000000000        1.0605908885388531       0.20236719243408141       0.77560216530014348        27.513020833332575                9
  -3.0796670140118234        0.0000000000000000        0.0000000000000000       -1.1102230246251565E-016   1.0605908882948651       0.20236719359793628       0.77560216505034618        27.513020833332575                9
  -2.9775399976828996        0.0000000000000000        0.0000000000000000        0.0000000000000000        1.0605908875095134       0.20236719734417447       0.77560216424629547        27.513020833332575                9
  -2.8765769006027107        0.0000000000000000        0.0000000000000000       -1.1102230246251565E-016   1.0605908851170727       0.20236720875645459       0.77560216179689168        27.513020833332575                9
  -2.7769621507626097        0.0000000000000000       -2.7755575615628914E-017   0.0000000000000000        1.0605908782253963       0.20236724163071079       0.77560215474112837        27.513020833332575                9
  -2.6789018661403068        0.0000000000000000        0.0000000000000000        0.0000000000000000        1.0605908594691520       0.20236733110058774       0.77560213553830715        27.513020833332575                9
  -2.5826237163225443        0.0000000000000000        0.0000000000000000        0.0000000000000000        1.0605908112794280       0.20236756097205444       0.77560208620121074        27.513020833332575                9
  -2.4883757117641228        0.0000000000000000        0.0000000000000000        0.0000000000000000        1.0605906944810035       0.20236811811519617       0.77560196662187963        27.513020833332575                9
  -2.3964236242450778        0.0000000000000000        0.0000000000000000        0.0000000000000000        1.0605904275878422       0.20236939122344444       0.77560169337415830        27.513020833332575                9
  -2.3070467673315544        0.0000000000000000        0.0000000000000000        0.0000000000000000        1.0605898528341950       0.20237213283181593       0.77560110493607815        27.513020833332575                9
  -2.2205319438293705        0.0000000000000000        0.0000000000000000        0.0000000000000000        1.0605886865480105       0.20237769597343452       0.77559991088192715        27.513020833332575                9
  -2.1371655105615059       -2.2204460492503131E-016   2.7755575615628914E-017   0.0000000000000000        1.0605864561559797       0.20238833444464224       0.77559762738822602        27.513020833332575                9
  -2.0572237216694389        0.0000000000000000        0.0000000000000000        0.0000000000000000        1.0605824340790930       0.20240751747255062       0.77559350955769057        27.513020833332575                9
  -1.9809617756925304        0.0000000000000000        0.0000000000000000        0.0000000000000000        1.0605755879463725       0.20244016556675226       0.77558650045334454        27.513020833332575                9
  -1.9086022732004013        0.0000000000000000        0.0000000000000000        0.0000000000000000        1.0605645722952111       0.20249268663308878       0.77557522261350209        27.513020833332575                9
  -1.8403240348740204        0.0000000000000000        0.0000000000000000        0.0000000000000000        1.0605477838589388       0.20257270596020771       0.77555803467790363        27.513020833332575                9
  -1.7762523687358858        0.0000000000000000        0.0000000000000000        0.0000000000000000        1.0605234881347658       0.20268845294923424       0.77553316100293790        27.513020833332575                9
  -1.7164518524782264        0.0000000000000000       -5.5511151231257827E-017   0.0000000000000000        1.0604900025952950       0.20284787539583221       0.77549887927735772        27.513020833332575                9
  -1.6609224861010423        0.0000000000000000       -2.7755575615628914E-017   0.0000000000000000        1.0604459006404068       0.20305765552009575       0.77545372937036938        27.513020833332575                9
  -1.6095996919121043       -2.2204460492503131E-016   8.3266726846886741E-017  -1.1102230246251565E-016   1.0603901901453225       0.20332235215107464       0.77539669615431395        27.513020833332575                9
  -1.5623581618889146        0.0000000000000000        0.0000000000000000        0.0000000000000000        1.0603224262736259       0.20364386531035297       0.77532732499677837        27.513020833332575                9
  -1.5190190753505046        0.0000000000000000       -5.5511151231257827E-017   0.0000000000000000        1.0602427372983372       0.20402132591515459       0.77524574815399749        27.513020833332575                9
  -1.4793598317272534        0.0000000000000000        0.0000000000000000        0.0000000000000000        1.0601517659741158       0.20445139621164526       0.77515262467634038        27.513020833332575                9
  -1.4431252324797998        0.0000000000000000        0.0000000000000000        0.0000000000000000        1.0600505483432041       0.20492887147078456       0.77504901624666456        27.513020833332575                9
  -1.4100390234666655        0.0000000000000000       -5.5511151231257827E-017   0.0000000000000000        1.0599403612901430       0.20544742774272873       0.77493623103231901        27.513020833332575                9
  -1.3798148478648709        0.0000000000000000        0.0000000000000000        1.1102230246251565E-016   1.0598225693273680       0.20600036587108403       0.77481566677437519        27.513020833332575                9
  -1.3521659028685982        0.0000000000000000        0.0000000000000000        0.0000000000000000        1.0596984932720912       0.20658124191363453       0.77468867632092331        27.513020833332575                9
  -1.3268128749117019        0.0000000000000000       -5.5511151231257827E-017  -1.1102230246251565E-016   1.0595693130613792       0.20718432636214984       0.77455646814094836        27.513020833332575                9
  -1.3034899922141467        0.0000000000000000        0.0000000000000000        0.0000000000000000        1.0594360074879130       0.20780488134906103       0.77442004465956982        27.513020833332575                9
  -1.2819492443211322        2.2204460492503131E-016  -8.3266726846886741E-017   0.0000000000000000        1.0592993269954971       0.20843927722434866       0.77428017445173591        27.513020833332575                9
  -1.2619629616459158        0.0000000000000000        0.0000000000000000        0.0000000000000000        1.0591597922013423       0.20908498607371984       0.77413739077771526        27.513020833332575                9
  -1.2433250262107878        0.0000000000000000        0.0000000000000000        0.0000000000000000        1.0590177099266374       0.20974049315883239       0.77399200803978252        27.513020833332575                9
  -1.2258510100243944        0.0000000000000000       -5.5511151231257827E-017   0.0000000000000000        1.0588731992945619       0.21040516268066883       0.77384414853859573        27.513020833332575                9
  -1.2093775256484913        0.0000000000000000        4.2021941482062175E-014  -3.8857805861880479E-015   1.0587262220322131       0.21107908604334236       0.77369377352510948        27.513020833332575                9
  -1.1937610395637519        0.0000000000000000        6.6530114750662506E-014  -5.9952043329758453E-015   1.0585766128656087       0.21176293198339077       0.77354071433994243        27.513020833332575                9
  -1.1788763550224461        0.0000000000000000        0.0000000000000000        0.0000000000000000        1.0584241074625820       0.21245781023743393       0.77338470103594370        27.513020833332575                9
  -1.1646149256199956        0.0000000000000000        1.3877787807814457E-016   0.0000000000000000        1.0582683666025212       0.21316515452440041       0.77322538713324795        27.513020833332575                9
  -1.1508831189558599        0.0000000000000000        0.0000000000000000        1.1102230246251565E-016   1.0581089961134431       0.21388662655074861       0.77306237003808620        27.513020833332575                9
  -1.1376005140413472        0.0000000000000000        0.0000000000000000        0.0000000000000000        1.0579455626640677       0.21462404022484896       0.77289520721656457        27.513020833332575                9
  -1.1246982873385185        0.0000000000000000       -5.5511151231257827E-017   0.0000000000000000        1.0577776058045880       0.21537930390552454       0.77272342852760334        27.513020833332575                9
  -1.1121177202028458        0.0000000000000000        2.7755575615628914E-017   1.1102230246251565E-016   1.0576046467874345       0.21615437794307885       0.77254654525981270        27.513020833332575                9
  -1.0998088442247758       -2.2204460492503131E-016   5.5511151231257827E-017   0.0000000000000000        1.0574261947291963       0.21695124470126087       0.77236405644741324        27.513020833332575                9
  -1.0877292294889336        0.0000000000000000        2.4980018054066022E-016   0.0000000000000000        1.0572417506424583       0.21777188845729714       0.77217545300692747        27.513020833332575                9
  -1.0758429130628515        0.0000000000000000        0.0000000000000000        1.1102230246251565E-016   1.0570508098028659       0.21861828291703891       0.77198022017131052        27.513020833332575                9
  -1.0641194601669639        0.0000000000000000       -3.0531133177191805E-016   0.0000000000000000        1.0568528628423315       0.21949238446132396       0.77177783862190996        27.513020833332575                9
  -1.0525331476931625       -2.2204460492503131E-016   1.3877787807814457E-016   2.2204460492503131E-016   1.0566473958855642       0.22039612960537383       0.77156778464313336        27.513020833332575                9
  -1.0410622584166747        0.0000000000000000       -8.3266726846886741E-017   0.0000000000000000        1.0564338899802921       0.22133143547897410       0.77134952955627156        27.513020833332575                9
  -1.0296884739148231        0.0000000000000000        2.7755575615628914E-017   0.0000000000000000        1.0562118200141335       0.22230020241150153       0.77112253863014890        27.513020833332575                9
  -1.0183963545166970        0.0000000000000000       -5.5511151231257827E-017   0.0000000000000000        1.0559806532636120       0.22330431793187142       0.77088626961770346        27.513020833332575                9
  -1.0071728953074088        0.0000000000000000        0.0000000000000000        0.0000000000000000        1.0557398476826167       0.22434566167349859       0.77064017102850668        27.513020833332575                9
 -0.99600714812217905        0.0000000000000000        0.0000000000000000        0.0000000000000000        1.0554888500075394       0.22542611081479008       0.77038368021649517        27.513020833332575                9
 -0.98488990046821423        0.0000000000000000        0.0000000000000000        0.0000000000000000        1.0552270937330430       0.22654754579327177       0.77011622133837088        27.513020833332575                9
 -0.97381340332693300        0.0000000000000000        8.3266726846886741E-017   0.0000000000000000        1.0549539969946313       0.22771185611264710       0.76983720321997073        27.513020833332575                9
 -0.96277114076588521        0.0000000000000000       -6.9888539400153604E-014   6.7723604502134549E-015   1.0546689603808272       0.22892094612241096       0.76954601715426230        27.513020833332575                9
 -0.95175763519981349        0.0000000000000000        2.7755575615628914E-017   0.0000000000000000        1.0543713646877566       0.23017674069391805       0.76924203464441465        27.513020833332575                9
 -0.94076828296899817        0.0000000000000000       -1.6653345369377348E-016   0.0000000000000000        1.0540605686215894       0.23148119074869322       0.76892460509792970        27.513020833332575                9
 -0.92979921564498236        0.0000000000000000       -2.4980018054066022E-016   0.0000000000000000        1.0537359064488896       0.23283627861742334       0.76859305347233664        27.513020833332575                9
 -0.91884718312966629        0.0000000000000000        9.7144514654701197E-016  -3.3306690738754696E-016   1.0533966855910235       0.23424402322372578       0.76824667786901690        27.513020833332575                9
 -0.90790945518789890        2.2204460492503131E-016   7.0859984546700616E-014  -6.7723604502134549E-015   1.0530421841559778       0.23570648509734163       0.76788474706892451        27.513020833332575                9
 -0.89698373855239910        0.0000000000000000        0.0000000000000000        0.0000000000000000        1.0526716483989214       0.23722577122819510       0.76750649800197535        27.513020833332575                9
 -0.88606810717037310        0.0000000000000000       -5.5511151231257827E-017   0.0000000000000000        1.0522842901014440       0.23880403977679571       0.76711113314051216        27.513020833332575                9
 -0.87516094353103269        0.0000000000000000       -2.2204460492503131E-016   0.0000000000000000        1.0518792838583804       0.24044350465854533       0.76669781780629875        27.513020833332575                9
 -0.86426088932966050       -2.2204460492503131E-016  -1.9428902930940239E-016   2.2204460492503131E-016   1.0514557642604447       0.24214644002022176       0.76626567737988271        27.513020833332575                9
 -0.85336680399373133        2.2204460492503131E-016  -1.9428902930940239E-016   0.0000000000000000        1.0510128229603779       0.24391518462658407       0.76581379440073516        27.513020833332575                9
 -0.84247772982612734        0.0000000000000000       -5.5511151231257827E-017   0.0000000000000000        1.0505495056099576       0.24575214617408297       0.76534120554635210        27.513020833332575                9
 -0.83159286271527999        0.0000000000000000        7.1193051454088163E-014  -7.1054273576010019E-015   1.0500648086549818       0.24765980554717448       0.76484689847834675        27.513020833332575                9
 -0.82071152752708487        0.0000000000000000        2.2204460492503131E-016  -2.2204460492503131E-016   1.0495576759751137       0.24964072103095519       0.76432980854352583        27.513020833332575                9
 -0.80983315743301276        0.0000000000000000        3.3306690738754696E-016   1.1102230246251565E-016   1.0490269953553741       0.25169753249179772       0.76378881531796605        27.513020833332575                9
 -0.79895727654675408        2.2204460492503131E-016  -4.4408920985006262E-016   3.3306690738754696E-016   1.0484715947759726       0.25383296553545232       0.76322273898220017        27.513020833332575                9
 -0.78808348534124273       -4.4408920985006262E-016   0.0000000000000000       -2.2204460492503131E-016   1.0478902385071085       0.25604983564977357       0.76263033651577039        27.513020833332575                9
 -0.77721144840180933        0.0000000000000000        7.1498362785860081E-014  -7.7715611723760958E-015   1.0472816229954021       0.25835105233676914       0.76201029769964390        27.513020833332575                9
 -0.76634088414190926        0.0000000000000000        0.0000000000000000       -1.1102230246251565E-016   1.0466443725286825       0.26073962323607686       0.76136124091531476        27.513020833332575                9
 -0.75547155616740269        0.0000000000000000       -7.1442851634628823E-014   7.9936057773011271E-015   1.0459770346659731       0.26321865823937857       0.76068170872980378        27.513020833332575                9
 -0.74460326602546456        0.0000000000000000        0.0000000000000000        0.0000000000000000        1.0452780754197952       0.26579137359234806       0.75997016325635536        27.513020833332575                9
 -0.73373584711635664        0.0000000000000000        3.8857805861880479E-016   1.1102230246251565E-016   1.0445458741782265       0.26846109597787626       0.75922498128131488        27.513020833332575                9
 -0.72286915958174081        0.0000000000000000        0.0000000000000000        1.1102230246251565E-016   1.0437787183546847       0.27123126657106778       0.75844444914856568        27.513020833332575                9
 -0.71200308601301654        0.0000000000000000        5.5511151231257827E-017   0.0000000000000000        1.0429747977540682       0.27410544505326945       0.75762675739402607        27.513020833332575                9
 -0.70113752784821792        0.0000000000000000       -5.5511151231257827E-017  -3.3306690738754696E-016   1.0421321986448036       0.27708731356872596       0.75676999512409193        27.513020833332575                9
 -0.69027240234705423        0.0000000000000000       -7.2108985449403917E-014   8.3266726846886741E-015   1.0412488975275054       0.28018068060365481       0.75587214413360859        27.513020833332575                9
 -0.67940764005137000        0.0000000000000000        5.5511151231257827E-017  -1.1102230246251565E-016   1.0403227545924481       0.28338948476336467       0.75493107276105242        27.513020833332575                9
 -0.66854318265315682        0.0000000000000000        6.6613381477509392E-016  -3.3306690738754696E-016   1.0393515068598969       0.28671779841854916       0.75394452948109536        27.513020833332575                9
 -0.65767898120473289        0.0000000000000000        7.2053474298172659E-014  -8.5487172896137054E-015   1.0383327609996298       0.29016983118703538       0.75291013623775360        27.513020833332575                9
 -0.64681499461619019        4.4408920985006262E-016  -1.1102230246251565E-016   0.0000000000000000        1.0372639858288182       0.29374993321194193       0.75182538152495226        27.513020833332575                9
 -0.63595118839401144        0.0000000000000000       -2.7755575615628914E-016   0.0000000000000000        1.0361425044907833       0.29746259819153720       0.75068761322556843        27.513020833332575                9
 -0.62508753358215663       -2.2204460492503131E-016   5.5511151231257827E-017   2.2204460492503131E-016   1.0349654863212630       0.30131246610984169       0.74949403122510283        27.513020833332575                9
 -0.61422400587312287       -2.2204460492503131E-016  -5.5511151231257827E-017   0.0000000000000000        1.0337299384136940       0.30530432561027099       0.74824167982203182        27.513020833332575                9
 -0.60336058486169952        0.0000000000000000        8.3266726846886741E-016  -3.3306690738754696E-016   1.0324326969007445       0.30944311594740920       0.74692743996378019        27.513020833332575                9
 -0.59249725341851389        2.2204460492503131E-016  -1.6653345369377348E-016   2.2204460492503131E-016   1.0310704179761607       0.31373392844412656       0.74554802134528908        27.513020833332575                9
 -0.58163399716414088        0.0000000000000000       -6.5669691906578009E-014   8.5487172896137054E-015   1.0296395686889015       0.31818200737281599       0.74409995441637744        27.513020833332575                9
 -0.57077080402763358        0.0000000000000000       -1.1102230246251565E-016   0.0000000000000000        1.0281364175507752       0.32279275017057513       0.74257958235472732        27.513020833332575                9
 -0.55990766387592472        0.0000000000000000        5.5511151231257827E-017   0.0000000000000000        1.0265570250094713       0.32757170688845988       0.74098305307345125        27.513020833332575                9
 -0.54904456820272118        0.0000000000000000        0.0000000000000000        0.0000000000000000        1.0248972338511566       0.33252457876479757       0.73930631134600000        27.513020833332575                9
 -0.53818150986734248        0.0000000000000000        0.0000000000000000        0.0000000000000000        1.0231526596108604       0.33765721580175379       0.73754509114676126        27.513020833332575                9
 -0.52731848287548488        0.0000000000000000        7.3496764230185363E-014  -1.0214051826551440E-014   1.0213186810848394       0.34297561321309950       0.73569490832323092        27.513020833332575                9
 -0.51645548219518167        2.2204460492503131E-016   0.0000000000000000        2.2204460492503131E-016   1.0193904310572157       0.34848590659937650       0.73375105373525285        27.513020833332575                9
 -0.50559250360230845        0.0000000000000000        0.0000000000000000        0.0000000000000000        1.0173627873734743       0.35419436569462959       0.73170858701855412        27.513020833332575                9
 -0.49472954355089110        0.0000000000000000        0.0000000000000000        0.0000000000000000        1.0152303645161640       0.36010738651653623       0.72956233115384828        27.513020833332575                9
 -0.48386659906423451        0.0000000000000000       -5.5511151231257827E-017   1.1102230246251565E-016   1.0129875058633560       0.36623148173938919       0.72730686804905276        27.513020833332575                9
 -0.47300366764352936        0.0000000000000000        2.2204460492503131E-016   1.1102230246251565E-016   1.0106282768382273       0.37257326909717309       0.72493653537069203        27.513020833332575                9
 -0.46214074719113163        2.2204460492503131E-016   2.7755575615628914E-016   0.0000000000000000        1.0081464591886193       0.37913945761196405       0.72244542489132002        27.513020833332575                9
 -0.45127783594615845        0.0000000000000000        1.6653345369377348E-016  -2.2204460492503131E-016   1.0055355466684397       0.38593683143167384       0.71982738265247770        27.513020833332575                9
 -0.44041493243042379        0.0000000000000000        0.0000000000000000        0.0000000000000000        1.0027887424283546       0.39297223105071294       0.71707601127715137        27.513020833332575                9
 -0.42955203540305364        0.0000000000000000        0.0000000000000000       -1.1102230246251565E-016  0.99989895846108112       0.40025253167804853       0.71418467480144487        27.513020833332575                9
 -0.41868914382238726       -2.2204460492503131E-016   0.0000000000000000        0.0000000000000000       0.99685881748641780       0.40778461850972997       0.71114650643165001        27.513020833332575                9
 -0.40782625681399509        1.1102230246251565E-016  -5.5511151231257827E-017  -3.3306690738754696E-016  0.99366065770259693       0.41557535865747830       0.70795441966944050        27.513020833332575                9
 -0.39696337364383094        0.0000000000000000        0.0000000000000000        0.0000000000000000       0.99029654087285657       0.42363156948210573       0.70460112328349545        27.513020833332575                9
 -0.38610049369569444       -4.4408920985006262E-016   2.2204460492503131E-016   0.0000000000000000       0.98675826425878366       0.43195998308025468       0.70107914063954868        27.513020833332575                9
 -0.37523761645231185        0.0000000000000000        0.0000000000000000        0.0000000000000000       0.98303737695376603       0.44056720667613730       0.69738083393107353        27.513020833332575                9
 -0.36437474147945403        0.0000000000000000        4.9960036108132044E-016   2.2204460492503131E-016  0.97912520121008662       0.44945967867607062       0.69349843387838828        27.513020833332575                9
 -0.35351186841260429       -1.1102230246251565E-016  -4.4408920985006262E-016   0.0000000000000000       0.97501285939030924       0.45864362015318233       0.68942407548295037        27.513020833332575                9
 -0.34264899694576645        0.0000000000000000        3.3306690738754696E-016  -1.1102230246251565E-016  0.97069130720657149       0.46812498154191734       0.68514984043445548        27.513020833332575                9
 -0.33178612682206987        2.2204460492503131E-016  -5.5511151231257827E-017  -2.2204460492503131E-016  0.96615137393899664       0.47790938433603919       0.68066780676934269        27.513020833332575                9
 -0.32092325782588266        0.0000000000000000       -5.5511151231257827E-016   1.1102230246251565E-016  0.96138381034555576       0.48800205759814819       0.67597010636884491        27.513020833332575                9
 -0.31006038977619116        0.0000000000000000        0.0000000000000000       -1.1102230246251565E-016  0.95637934499000166       0.49840776910016815       0.67104899086196779        27.513020833332575                9
 -0.29919752252104215        0.0000000000000000        3.3306690738754696E-016   2.2204460492503131E-016  0.95112874972213424       0.50913075091872440       0.66589690646343591        27.513020833332575                9
 -0.28833465593287738        0.0000000000000000        0.0000000000000000        0.0000000000000000       0.94562291504746632       0.52017461929988795       0.66050657823005920        27.513020833332575                9
 -0.27747178990461724        0.0000000000000000        0.0000000000000000        0.0000000000000000       0.93985293612529652       0.53154228857453178       0.65487110416458727        27.513020833332575                9
 -0.26660892434637301        0.0000000000000000        0.0000000000000000        0.0000000000000000       0.93381021014266374       0.54323587883388080       0.64898405954068572        27.513020833332575                9
 -0.25574605918268689        0.0000000000000000       -1.1102230246251565E-016   0.0000000000000000       0.92748654583943968       0.55525661694284778       0.64283961177807114        27.513020833332575                9
 -0.24488319435021536       -2.2204460492503131E-016   1.1102230246251565E-016   1.1102230246251565E-016  0.92087428602742649       0.56760473024486435       0.63643264618207407        27.513020833332575                9
 -0.23402032979578424        3.3306690738754696E-016   3.3306690738754696E-016   2.2204460492503131E-016  0.91396644408662842       0.58027933194828440       0.62975890290727354        27.513020833332575                9
 -0.22315746547475612        0.0000000000000000        1.1102230246251565E-016  -1.1102230246251565E-016  0.90675685568603082       0.59327829661009890       0.62281512565706421        27.513020833332575                9
 -0.21229460134965977        0.0000000000000000        0.0000000000000000        0.0000000000000000       0.89924034744457193       0.60659812323863749       0.61559922296257663        27.513020833332575                9
 -0.20143173738903974        0.0000000000000000        0.0000000000000000        0.0000000000000000       0.89141292504614311       0.62023378215515501       0.60811044350741483        27.513020833332575                9
 -0.19056887356649049        0.0000000000000000        0.0000000000000000        0.0000000000000000       0.88327198465059009       0.63417853961847570       0.60034956805608464        27.513020833332575                9
 -0.17970600985984572        0.0000000000000000        0.0000000000000000        0.0000000000000000       0.87481655362366062       0.64842375089764692       0.59231912238662610        27.513020833332575                9
 -0.16884314625049779        0.0000000000000000       -2.2204460492503131E-016   0.0000000000000000       0.86604757017448419       0.66295860726622480       0.58402361868455877        27.513020833332575                9
 -0.15798028272282638        3.3306690738754696E-016  -1.1102230246251565E-016  -1.1102230246251565E-016  0.85696821733744855       0.67776981408703219       0.57546983790333350        27.513020833332575                9
 -0.14711741926371891        1.1102230246251565E-016   0.0000000000000000       -2.2204460492503131E-016  0.84758433642189968       0.69284116367044324       0.56666717397848942        27.513020833332575                9
 -0.13625455586216789        0.0000000000000000       -2.2204460492503131E-016   0.0000000000000000       0.83790496135377590       0.70815294418629959       0.55762807488923427        27.513020833332575                9
 -0.12539169250893306        0.0000000000000000        1.1102230246251565E-016   1.1102230246251565E-016  0.82794304335694446       0.72368108769875972       0.54836863978707762        27.513020833332575                9
 -0.11452882919625759        0.0000000000000000        1.1102230246251565E-016   0.0000000000000000       0.81771648489443871       0.73939589323830890       0.53890947411870527        27.513020833332575                9
 -0.10366596591762996        0.0000000000000000       -3.3306690738754696E-016  -3.3306690738754696E-016  0.80724969189039697       0.75526003879792525       0.52927698234665799        27.513020833332575                9
  -9.2803102667584028E-002   0.0000000000000000        3.3306690738754696E-016   3.3306690738754696E-016  0.79657602324309551       0.77122536614034165       0.51950542426497981        27.513020833332575                9
  -8.1940239441531199E-002   2.2204460492503131E-016   1.1102230246251565E-016   0.0000000000000000       0.78574184995265928       0.78722747145434513       0.50964034773846634        27.513020833332575                9
  -7.1077376235619549E-002   0.0000000000000000       -4.4408920985006262E-016   1.6653345369377348E-016  0.77481361639682811       0.80317621481188339       0.49974459576489932        27.513020833332575                9
  -6.0214513046615556E-002   0.0000000000000000       -1.1102230246251565E-016   0.0000000000000000       0.76389073683417630       0.81893831256476435       0.48990932445970287        27.513020833332575                9
  -4.9351649871804813E-002   0.0000000000000000        1.1102230246251565E-016   0.0000000000000000       0.75313028140115312       0.83430395362128851       0.48027515191764453        27.513020833332575                9
  -3.8488786682800820E-002   0.0000000000000000       -2.2204460492503131E-016   5.5511151231257827E-017  0.74279600122629885       0.84892045410891459       0.47107422711480695        27.513020833332575                9
  -2.7625923476889171E-002   0.0000000000000000       -2.2204460492503131E-016   5.5511151231257827E-017  0.73335556872142160       0.86216062425883766       0.46271374034616630        27.513020833332575                9
  -1.6763060250836341E-002   0.0000000000000000        0.0000000000000000       -1.1102230246251565E-016  0.72564903502735933       0.87289462712408106       0.45592062070467554        27.513020833332575                9
  -5.9001970007904071E-003   0.0000000000000000        0.0000000000000000       -1.6653345369377348E-016  0.72101665284756455       0.87931626488299608       0.45185113545874345        27.513020833332575                9
   4.9626662778372264E-003   0.0000000000000000       -2.2204460492503131E-016   1.1102230246251565E-016  0.72045952430558169       0.88008708584280193       0.45136240838840697        27.513020833332575                9
   1.5825529590512696E-002   0.0000000000000000       -3.3306690738754696E-016  -1.6653345369377348E-016  0.72181586287456811       0.87820995300966831       0.45255248624597100        27.513020833332575                9
   2.6688392943747523E-002   0.0000000000000000       -2.2204460492503131E-016  -3.3306690738754696E-016  0.72443196740653604       0.87458396115069026       0.45485043387215685        27.513020833332575                9
   3.7551256345298531E-002   0.0000000000000000        1.1102230246251565E-016   0.0000000000000000       0.72805726616804067       0.86954727004813015       0.45804033237639086        27.513020833332575                9
   4.8414119804406006E-002   2.2204460492503131E-016  -2.2204460492503131E-016   5.5511151231257827E-017  0.73243527779402284       0.86344587596724565       0.46190101849296294        27.513020833332575                9
   5.9276983332077413E-002  -1.1102230246251565E-016   2.2204460492503131E-016  -1.1102230246251565E-016  0.73735056449828462       0.85657024320444464       0.46624650380438398        27.513020833332575                9
   7.0139846941425332E-002   0.0000000000000000        0.0000000000000000        0.0000000000000000       0.74263893819705984       0.84914158846857346       0.47093478196126204        27.513020833332575                9
   8.1002710648070089E-002   0.0000000000000000       -1.1102230246251565E-016  -3.3306690738754696E-016  0.74818043049764749       0.84132144006972920       0.47586180401782174        27.513020833332575                9
   9.1865574470619341E-002   0.0000000000000000       -1.1102230246251565E-016   0.0000000000000000       0.75388836862096686       0.83322644128535805       0.48095209884804629        27.513020833332575                9
  0.10272843843123938        0.0000000000000000       -1.1102230246251565E-016   0.0000000000000000       0.75969979984796310       0.82494131716243990       0.48615054964838950        27.513020833332575                9
  0.11359130255633573        0.0000000000000000        5.5511151231257827E-016  -2.2204460492503131E-016  0.76556836624079005       0.81652852008600507       0.49141627555480888        27.513020833332575                9
  0.12445416687736385        0.0000000000000000        5.5511151231257827E-016  -1.6653345369377348E-016  0.77145932780649551       0.80803496515286866       0.49671835966469746        27.513020833332575                9
  0.13531703143179497       -3.3306690738754696E-016   0.0000000000000000        1.1102230246251565E-016  0.77734616467198991       0.79949662695093027       0.50203293421779027        27.513020833332575                9
  0.14617989626426650        0.0000000000000000       -3.3306690738754696E-016   0.0000000000000000       0.78320826574098268       0.79094166466015148       0.50734119959953150        27.513020833332575                9
  0.15704276142795262        1.1102230246251565E-016  -1.1102230246251565E-016   0.0000000000000000       0.78902934692512117       0.78239255863380530       0.51262807034165658        27.513020833332575                9
  0.16790562698619688        0.0000000000000000        3.3306690738754696E-016   2.2204460492503131E-016  0.79479635667182813       0.77386758641985498       0.51788123981087919        27.513020833332575                9
  0.17876849301445702       -2.2204460492503131E-016   3.3306690738754696E-016   0.0000000000000000       0.80049870830314018       0.76538185547975002       0.52309052558312819        27.513020833332575                9
  0.18963135960262179        2.2204460492503131E-016  -1.1102230246251565E-016  -1.1102230246251565E-016  0.80612773348292266       0.75694803570207458       0.52824740461443931        27.513020833332575                9
  0.20049422685777080        0.0000000000000000       -3.3306690738754696E-016   1.1102230246251565E-016  0.81167628698194549       0.74857688629979480       0.53334467814516939        27.513020833332575                9
  0.21135709490746230        0.0000000000000000        3.3306690738754696E-016  -1.1102230246251565E-016  0.81713845622113568       0.74027764014294128       0.53837622631972859        27.513020833332575                9
  0.22221996390364948        0.0000000000000000       -3.3306690738754696E-016   0.0000000000000000       0.82250934427480293       0.73205828801395212       0.54333682557861585        27.513020833332575                9
  0.23308283402734606        0.0000000000000000        2.2204460492503131E-016   0.0000000000000000       0.82778490500518032       0.72392579175905514       0.54822201047353580        27.513020833332575                9
  0.24394570549418390        0.0000000000000000        0.0000000000000000        0.0000000000000000       0.83296181563146487       0.71588624633674058       0.55302796726360637        27.513020833332575                9
  0.25480857856103362        0.0000000000000000        0.0000000000000000        0.0000000000000000       0.83803737648983179       0.70794500473795396       0.55775145048466335        27.513020833332575                9
  0.26567145353389143        0.0000000000000000       -2.2204460492503131E-016   0.0000000000000000       0.84300943076653112       0.70010677565628876       0.56238971628988510        27.513020833332575                9
  0.27653433077727402        0.0000000000000000        5.5511151231257827E-016  -2.2204460492503131E-016  0.84787629906654949       0.69237570096749113       0.56694046815304755        27.513020833332575                9
  0.28739721072541052        2.2204460492503131E-016   2.2204460492503131E-016   1.1102230246251565E-016  0.85263672512667321       0.68475541811525886       0.57140181177318472        27.513020833332575                9
  0.29826009389557467        0.0000000000000000        1.1102230246251565E-016   0.0000000000000000       0.85728982999860071       0.67724911111796249       0.57577221689708658        27.513020833332575                9
  0.30912298090396684        0.0000000000000000        1.1102230246251565E-016   0.0000000000000000       0.86183507274975835       0.66985955292658750       0.58005048439968043        27.513020833332575                9
  0.31998587248463323        0.0000000000000000       -2.2204460492503131E-016  -2.2204460492503131E-016  0.86627221624664408       0.66258914115636036       0.58423571740932512        27.513020833332575                9
  0.33084876951200337        0.0000000000000000       -1.1102230246251565E-016   0.0000000000000000       0.87060129695948707       0.65543992869990431       0.58832729558834773        27.513020833332575                9
  0.34171167302773803        0.0000000000000000        1.1102230246251565E-016   0.0000000000000000       0.87482259799892514       0.64841365035300425       0.59232485191423778        27.513020833332575                9
  0.35257458427271121        0.0000000000000000        1.1102230246251565E-016   0.0000000000000000       0.87893662479473211       0.64151174630535079       0.59622825147908931        27.513020833332575                9
  0.36343750472510894        0.0000000000000000        0.0000000000000000        0.0000000000000000       0.88294408297317517       0.63473538314146305       0.60003757195125829        27.513020833332575                9
  0.37430043614581410        0.0000000000000000        0.0000000000000000        0.0000000000000000       0.88684585809796979       0.62808547284156246       0.60375308543637918        27.513020833332575                9
  0.38516338063247069        0.0000000000000000       -2.2204460492503131E-016   1.1102230246251565E-016  0.89064299702007144       0.62156269015518084       0.60737524154354183        27.513020833332575                9
  0.39602634068388803        0.0000000000000000       -1.1102230246251565E-016   1.1102230246251565E-016  0.89433669064099375       0.61516748863189274       0.61090465151287521        27.513020833332575                9
  0.40688931927676125        0.0000000000000000       -2.2204460492503131E-016   0.0000000000000000       0.89792825793864695       0.60890011552607437       0.61434207329799695        27.513020833332575                9
  0.41775231995706441        0.0000000000000000       -1.1102230246251565E-016   0.0000000000000000       0.90141913113732852       0.60276062574160494       0.61768839752371341        27.513020833332575                9
  0.42861534694892195        0.0000000000000000        2.2204460492503131E-016   0.0000000000000000       0.90481084192769901       0.59674889494334404       0.62094463425891511        27.513020833332575                9
  0.43947840528430065        0.0000000000000000       -2.2204460492503131E-016   1.1102230246251565E-016  0.90810500866050770       0.59086463193228689       0.62411190055864063        27.513020833332575                9
  0.45034150095750414        0.0000000000000000        1.1102230246251565E-016   0.0000000000000000       0.91130332445073170       0.58510739035890158       0.62719140873889734        27.513020833332575                9
  0.46120464110921294        0.0000000000000000        2.2204460492503131E-016   2.2204460492503131E-016  0.91440754613850850       0.57947657983156886       0.63018445535468459        27.513020833332575                9
  0.47206783424572019        0.0000000000000000        1.1102230246251565E-016   0.0000000000000000       0.91741948405997864       0.57397147646425839       0.63309241085591472        27.513020833332575                9
  0.48293109050009325        0.0000000000000000       -1.1102230246251565E-016   0.0000000000000000       0.92034099258628665       0.56859123289748725       0.63591670989882509        27.513020833332575                9
  0.49379442194327888       -3.3306690738754696E-016   2.2204460492503131E-016   0.0000000000000000       0.92317396139240748       0.56333488781945940       0.63865884229191716        27.513020833332575                9
  0.50465784295470228        0.0000000000000000        1.1102230246251565E-016   0.0000000000000000       0.92592030742019393       0.55820137500855804       0.64132034455637543        27.513020833332575                9
  0.51552137066373604        0.0000000000000000        0.0000000000000000        0.0000000000000000       0.92858196750184152       0.55318953191446074       0.64390279208107770        27.513020833332575                9
  0.52638502547559085        3.3306690738754696E-016  -2.2204460492503131E-016   3.3306690738754696E-016  0.93116089161132365       0.54829810779225019       0.64640779185217412        27.513020833332575                9
  0.53724883169776960        0.0000000000000000        0.0000000000000000        0.0000000000000000       0.93365903671256734       0.54352577140157055       0.64883697573705001        27.513020833332575                9
  0.54811281828631231        0.0000000000000000        0.0000000000000000        0.0000000000000000       0.93607836117393861       0.53887111828156675       0.65119199430202934        27.513020833332575                9
  0.55897701973473624        0.0000000000000000       -2.2204460492503131E-016  -1.1102230246251565E-016  0.93842081971950941       0.53433267761108627       0.65347451114293120        27.513020833332575                9
  0.56984147713294941        0.0000000000000000       -1.1102230246251565E-016   0.0000000000000000       0.94068835888835434       0.52990891866288536       0.65568619770730641        27.513020833332575                9
  0.58070623942863364       -1.1102230246251565E-016   2.2204460492503131E-016  -3.3306690738754696E-016  0.94288291297392546       0.52559825686000505       0.65782872858702657        27.513020833332575                9
  0.59157136492979734        0.0000000000000000        3.3306690738754696E-016  -1.1102230246251565E-016  0.94500640041652806       0.52139905944180731       0.65990377725997917        27.513020833332575                9
  0.60243692309459596        0.0000000000000000       -3.3306690738754696E-016   2.2204460492503131E-016  0.94706072062273949       0.51730965074688484       0.66191301225967414        27.513020833332575                9
  0.61330299666332022        0.0000000000000000        1.1102230246251565E-016   0.0000000000000000       0.94904775118677986       0.51332831711935745       0.66385809375197302        27.513020833332575                9
  0.62416968419793606        0.0000000000000000        0.0000000000000000        0.0000000000000000       0.95096934548990064       0.50945331144461092       0.66574067049859420        27.513020833332575                9
  0.63503710310704398        0.0000000000000000        0.0000000000000000        0.0000000000000000       0.95282733065510661       0.50568285731980189       0.66756237718769051        27.513020833332575                9
  0.64590539324898211        0.0000000000000000        0.0000000000000000        0.0000000000000000       0.95462350583583711       0.50201515286366927       0.66932483211258809        27.513020833332575                9
  0.65677472122348868        0.0000000000000000        0.0000000000000000        0.0000000000000000       0.95635964081865898       0.49844837416917792       0.67102963518073955        27.513020833332575                9
  0.66764528548338875        0.0000000000000000        0.0000000000000000        0.0000000000000000       0.95803747492148594       0.49498067840144494       0.67267836623598687        27.513020833332575                9
  0.67851732242282214        0.0000000000000000        0.0000000000000000        0.0000000000000000       0.95965871617045650       0.49161020654195853       0.67427258367848941        27.513020833332575                9
  0.68939111362833350        0.0000000000000000        0.0000000000000000        1.1102230246251565E-016  0.96122504074023396       0.48833508577862772       0.67581382336797291        27.513020833332575                9
  0.70026699451459218        0.0000000000000000        0.0000000000000000       -1.1102230246251565E-016  0.96273809264423649       0.48515343153934637       0.67730359779743710        27.513020833332575                9
  0.71114536460866429       -1.1102230246251565E-016  -1.6653345369377348E-016   0.0000000000000000       0.96419948366313368       0.48206334916474086       0.67874339552602692        27.513020833332575                9
  0.72202669979685941        0.0000000000000000       -1.1102230246251565E-016  -1.1102230246251565E-016  0.96561079350181112       0.47906293521348298       0.68013468086144790        27.513020833332575                9
  0.73291156690770676        0.0000000000000000        0.0000000000000000        0.0000000000000000       0.96697357016693020       0.47615027839106183       0.68147889378404369        27.513020833332575                9
  0.74380064107531074       -1.1102230246251565E-016   1.1102230246251565E-016   0.0000000000000000       0.96828933055931399       0.47332346008994780       0.68277745010660795        27.513020833332575                9
  0.75469472641123991        0.0000000000000000        1.6653345369377348E-016   0.0000000000000000       0.96955956127730070       0.47058055452631364       0.68403174186579874        27.513020833332575                9
  0.76559478061261210        0.0000000000000000        0.0000000000000000        0.0000000000000000       0.97078571962947047       0.46791962845490398       0.68524313794317515        27.513020833332575                9
  0.77650194425195251        0.0000000000000000        0.0000000000000000        0.0000000000000000       0.97196923485710973       0.46533874044050327       0.68641298491575942        27.513020833332575                9
  0.78741757563397852        0.0000000000000000        0.0000000000000000        0.0000000000000000       0.97311150956897730       0.46283593966071285       0.68754260813816537        27.513020833332575                9
  0.79834329226947831        0.0000000000000000       -1.6653345369377348E-016   2.2204460492503131E-016  0.97421392139288521       0.46040926421137568       0.68863331306022624        27.513020833332575                9
  0.80928102021124571       -1.1102230246251565E-016  -5.5511151231257827E-017   1.1102230246251565E-016  0.97527782485050873       0.45805673888256848       0.68968638678594396        27.513020833332575                9
  0.82023305272656166        0.0000000000000000       -5.5511151231257827E-017   0.0000000000000000       0.97630455346342393       0.45577637237030871       0.69070309988112633        27.513020833332575                9
  0.83120212005057748        0.0000000000000000        1.1102230246251565E-016   2.2204460492503131E-016  0.97729542209957265       0.45356615388699517       0.69168470843829488        27.513020833332575                9
  0.84219147228139279       -1.1102230246251565E-016   4.9960036108132044E-016   0.0000000000000000       0.97825172956992501       0.45142404913292788       0.69263245640801219        27.513020833332575                9
  0.85320497784746441        0.0000000000000000        0.0000000000000000        0.0000000000000000       0.97917476148470028       0.44934799559258753       0.69354757820539592        27.513020833332575                9
  0.86424724040851220        4.4408920985006262E-016  -1.1102230246251565E-016   0.0000000000000000       0.98006579337680011       0.44733589712377747       0.69443130159891286        27.513020833332575                9
  0.87532373754979342        0.0000000000000000       -3.8857805861880479E-016   1.1102230246251565E-016  0.98092609409640052       0.44538561781662678       0.69528485088488201        27.513020833332575                9
  0.88644098520375814        0.0000000000000000        1.1102230246251565E-016   0.0000000000000000       0.98175692947428472       0.44349497511466007       0.69610945034481797        27.513020833332575                9
  0.89760673238898780        2.2204460492503131E-016  -2.7755575615628914E-016   0.0000000000000000       0.98255956624132768       0.44166173221428995       0.69690632797264984        27.513020833332575                9
  0.90883019159827594       -2.2204460492503131E-016   1.6653345369377348E-016   0.0000000000000000       0.98333527617625249       0.43988358979549225       0.69767671944365151        27.513020833332575                9
  0.92012231099640207       -2.2204460492503131E-016   7.2164496600635175E-016   0.0000000000000000       0.98408534043148987       0.43815817718963190       0.69842187227474828        27.513020833332575                9
  0.93149609549825352        1.1102230246251565E-016  -5.5511151231257827E-016  -1.1102230246251565E-016  0.98481105395533719       0.43648304316625725       0.69914305009435485        27.513020833332575                9
  0.94296698477474128       -3.3306690738754696E-016   1.6653345369377348E-016  -4.4408920985006262E-016  0.98551372988458907       0.43485564662679421       0.69984153689603179        27.513020833332575                9
  0.95455329724854254       -1.1102230246251565E-016   5.5511151231257827E-017   0.0000000000000000       0.98619470372161000       0.43327334763882108       0.70051864109021500        27.513020833332575                9
  0.96627675014443004        0.0000000000000000        0.0000000000000000        0.0000000000000000       0.98685533702881523       0.43173339944193573       0.70117569908743516        27.513020833332575                9
  0.97816306657051189        0.0000000000000000        0.0000000000000000        1.1102230246251565E-016  0.98749702026620334       0.43023294231903109       0.70181407803931384        27.513020833332575                9
  0.99024268130635373        1.1102230246251565E-016  -1.1102230246251565E-016   0.0000000000000000       0.98812117425802881       0.42876900057087614       0.70243517722420501        27.513020833332575                9
   1.0025515572844235        0.0000000000000000        0.0000000000000000        0.0000000000000000       0.98872924959658792       0.42733848427401194       0.70304042738632677        27.513020833332575                9
   1.0151321244200957        2.2204460492503131E-016  -1.1102230246251565E-016  -1.1102230246251565E-016  0.98932272306932700       0.42593819805704447       0.70363128711542200        27.513020833332575                9
   1.0280343511229242        0.0000000000000000        5.5511151231257827E-017   0.0000000000000000       0.98990308992769971       0.42456485980720460       0.70420923508596600        27.513020833332575                9
   1.0413169560374365        0.0000000000000000       -1.1102230246251565E-016  -2.2204460492503131E-016  0.99047185050621689       0.42321513301245339       0.70477575666434122        27.513020833332575                9
   1.0550487627015717        0.0000000000000000        2.7755575615628914E-016   0.0000000000000000       0.99103048936272309       0.42188567732338567       0.70533232305391613        27.513020833332575                9
   1.0693101921040218        2.2204460492503131E-016  -1.1102230246251565E-016   1.1102230246251565E-016  0.99158044477966800       0.42057322280731030       0.70588036081486694        27.513020833332575                9
   1.0841948766453269        0.0000000000000000        5.5511151231257827E-017  -2.2204460492503131E-016  0.99212306620316892       0.41927467411744390       0.70642120932984775        27.513020833332575                9
   1.0998113627300654        0.0000000000000000       -5.5511151231257827E-017   0.0000000000000000       0.99265955710613230       0.41798725116086266       0.70695606369219333        27.513020833332575                9
   1.1162848471059674        0.0000000000000000        0.0000000000000000        0.0000000000000000       0.99319090100314744       0.41670867242514609       0.70748590072965378        27.513020833332575                9
   1.1337588632923596        0.0000000000000000        0.0000000000000000        0.0000000000000000       0.99371776914504328       0.41543738534354402       0.70801138667077113        27.513020833332575                9
   1.1523967987274863        0.0000000000000000        0.0000000000000000        0.0000000000000000       0.99424041007211605       0.41417284418739209       0.70853276660583320        27.513020833332575                9
   1.1723830814027012        0.0000000000000000        0.0000000000000000        0.0000000000000000       0.99475852403930709       0.41291582908869900       0.70904973872379573        27.513020833332575                9
   1.1939238292957139        0.0000000000000000        0.0000000000000000        0.0000000000000000       0.99527112964151043       0.41166878907768012       0.70956132062078692        27.513020833332575                9
   1.2172467119932668       -1.1102230246251565E-016   5.5511151231257827E-017   0.0000000000000000       0.99577643587978482       0.41043617704050595       0.71006572089571440        27.513020833332575                9
   1.2425997399501607        0.0000000000000000        0.0000000000000000        0.0000000000000000       0.99627174012208120       0.40922472584557229       0.71056023648080202        27.513020833332575                9
   1.2702486849464307        2.2204460492503131E-016   0.0000000000000000        0.0000000000000000       0.99675337990240398       0.40804359498140602       0.71104120367982959        27.513020833332575                9
   1.3004728605482225        0.0000000000000000        0.0000000000000000        0.0000000000000000       0.99721677221927119       0.40690430103186576       0.71150403665239992        27.513020833332575                9
   1.3335590695613535        0.0000000000000000        0.0000000000000000        0.0000000000000000       0.99765657474857095       0.40582034143622076       0.71194338789061007        27.513020833332575                9
   1.3697936688088035        0.0000000000000000        0.0000000000000000        0.0000000000000000       0.99806699523442088       0.40480643974710728       0.71235345712344811        27.513020833332575                9
   1.4094529124320510        0.0000000000000000        0.0000000000000000        0.0000000000000000       0.99844225477743520       0.40387739167845427       0.71272845454118250        27.513020833332575                9
   1.4527919989704567        0.0000000000000000        0.0000000000000000        0.0000000000000000       0.99877717692838153       0.40304657772706604       0.71306319035923338        27.513020833332575                9
   1.5000335289936420        0.0000000000000000        0.0000000000000000        0.0000000000000000       0.99906783179295056       0.40232431935803670       0.71335371991130492        27.513020833332575                9
   1.5513563231825753        0.0000000000000000        0.0000000000000000        0.0000000000000000       0.99931212413386439       0.40171636219016649       0.71359793307996244        27.513020833332575                9
   1.6068856895597547        0.0000000000000000        0.0000000000000000        0.0000000000000000       0.99951019384265660       0.40122282613186794       0.71379595612780922        27.513020833332575                9
   1.6666862058174094        0.0000000000000000        0.0000000000000000        1.1102230246251565E-016  0.99966451310033877       0.40083792392084888       0.71395024991058120        27.513020833332575                9
   1.7307578719555397        0.0000000000000000       -1.1102230246251565E-016   0.0000000000000000       0.99977962405441978       0.40055059723436798       0.71406534806640121        27.513020833332575                9
   1.7990361102819159        0.0000000000000000        0.0000000000000000        0.0000000000000000       0.99986155209092098       0.40034598440672081       0.71414727022303515        27.513020833332575                9
   1.8713956127740405        0.0000000000000000        0.0000000000000000        0.0000000000000000       0.99991702158344342       0.40020739732722294       0.71420273725899419        27.513020833332575                9
   1.9476575587509450        0.0000000000000000       -5.5511151231257827E-017   0.0000000000000000       0.99995265509270848       0.40011834633071158       0.71423836983946576        27.513020833332575                9
   2.0275993476430085        0.0000000000000000        0.0000000000000000        0.0000000000000000       0.99997432871491088       0.40006417344780276       0.71426004314515978        27.513020833332575                9
   2.1109657809108695        0.0000000000000000        0.0000000000000000        0.0000000000000000       0.99998679029476978       0.40003302291940823       0.71427250462811476        27.513020833332575                9
   2.1974806044130499        0.0000000000000000        0.0000000000000000        0.0000000000000000       0.99999355566799331       0.40001611042533225       0.71427926997474478        27.513020833332575                9
   2.2868574613265702        0.0000000000000000        0.0000000000000000        1.1102230246251565E-016  0.99999702134138402       0.40000744647248165       0.71428273564160427        27.513020833332575                9
   2.3788095488456125        0.0000000000000000        0.0000000000000000        0.0000000000000000       0.99999869601176850       0.40000325984717156       0.71428441031055434        27.513020833332575                9
   2.4730575534040313        0.0000000000000000        0.0000000000000000       -2.2204460492503131E-016  0.99999945936715340       0.40000135146865246       0.71428517366565769        27.513020833332575                9
   2.5693357032217916        0.0000000000000000        0.0000000000000000        0.0000000000000000       0.99999978769138553       0.40000053065981855       0.71428550198984031        27.513020833332575                9
   2.6673959878440927        0.0000000000000000        0.0000000000000000        0.0000000000000000       0.99999992100269353       0.40000019738182230       0.71428563530114053        27.513020833332575                9
   2.7670107376841919        0.0000000000000000        0.0000000000000000       -1.1102230246251565E-016  0.99999997213435277       0.40000006955271306       0.71428568643279844        27.513020833332575                9
   2.8679738347643795        0.0000000000000000        0.0000000000000000        0.0000000000000000       0.99999999067322520       0.40000002320553596       0.71428570497167110        27.513020833332575                9
   2.9701008510933020        0.0000000000000000        0.0000000000000000        0.0000000000000000       0.99999999703212872       0.40000000730827834       0.71428571133057450        27.513020833332575                9
   3.0732283992327147        0.0000000000000000        0.0000000000000000        0.0000000000000000       0.99999999909717996       0.40000000214565012       0.71428571339562585        27.513020833332575                9
   3.1772129456632912        0.0000000000000000        0.0000000000000000        0.0000000000000000       0.99999999973261555       0.40000000055706203       0.71428571403106134        27.513020833332575                9
   3.2819292936373015        2.2204460492503131E-016  -5.5511151231257827E-017   0.0000000000000000       0.99999999991802735       0.40000000009353098       0.71428571421647324        27.513020833332575                9
   3.3872688967501667        0.0000000000000000        0.0000000000000000        0.0000000000000000       0.99999999996936628       0.39999999996518409       0.71428571426781184        27.513020833332575                9
   3.4931381226013474        0.0000000000000000        0.0000000000000000        0.0000000000000000       0.99999999998286537       0.39999999993143665       0.71428571428131105        27.513020833332575                9
   3.5994565502021509        0.0000000000000000        0.0000000000000000        0.0000000000000000       0.99999999998623779       0.39999999992300600       0.71428571428468368        27.513020833332575                9
   3.7061553560146385        0.0000000000000000       -5.5511151231257827E-017   0.0000000000000000       0.99999999998703959       0.39999999992100238       0.71428571428548537        27.513020833332575                9
   3.8131758213942821        2.2204460492503131E-016  -1.1102230246251565E-016   0.0000000000000000       0.99999999998722011       0.39999999992054969       0.71428571428566590        27.513020833332575                9
   3.9204679779315286        0.0000000000000000        0.0000000000000000        0.0000000000000000       0.99999999998725919       0.39999999992045154       0.71428571428570531        27.513020833332575                9
   4.0279893957110025       -3.3306690738754696E-016   1.1102230246251565E-016  -1.1102230246251565E-016  0.99999999998726741       0.39999999992043089       0.71428571428571319        27.513020833332575                9
   4.1357041118002371        1.1102230246251565E-016  -1.1102230246251565E-016  -1.1102230246251565E-016  0.99999999998726918       0.39999999992042740       0.71428571428571486        27.513020833332575                9
   4.2435816914196662        0.0000000000000000        0.0000000000000000        0.0000000000000000       0.99999999998726896       0.39999999992042745       0.71428571428571486        27.513020833332575                9
   4.3515964114611814        0.0000000000000000        0.0000000000000000        0.0000000000000000       0.99999999998726907       0.39999999992042740       0.71428571428571475        27.513020833332575                9
   4.4597265547000102        0.0000000000000000        5.5511151231257827E-017   0.0000000000000000       0.99999999998726918       0.39999999992042745       0.71428571428571475        27.513020833332575                9
   4.5679538027134754        0.0000000000000000        0.0000000000000000        0.0000000000000000       0.99999999998726907       0.39999999992042745       0.71428571428571475        27.513020833332575                9
   4.6762627158306653        0.0000000000000000        0.0000000000000000        0.0000000000000000       0.99999999998726918       0.39999999992042745       0.71428571428571486        27.513020833332575                9
   4.7846402891366937        0.0000000000000000        0.0000000000000000        1.1102230246251565E-016  0.99999999998726907       0.39999999992042745       0.71428571428571486        27.513020833332575                9
   4.8930755744667804        0.0000000000000000        1.1102230246251565E-016   0.0000000000000000       0.99999999998726907       0.39999999992042745       0.71428571428571497        27.513020833332575                9
   5.0015593593281320        0.0000000000000000        5.5511151231257827E-017   0.0000000000000000       0.99999999998726896       0.39999999992042745       0.71428571428571475        27.513020833332575                9
   5.1100838947021670        0.0000000000000000        0.0000000000000000        0.0000000000000000       0.99999999998726907       0.39999999992042745       0.71428571428571475        27.513020833332575                9
   5.2186426646564357        0.0000000000000000        0.0000000000000000        0.0000000000000000       0.99999999998726918       0.39999999992042745       0.71428571428571486        27.513020833332575                9
   5.3272301916056808        0.0000000000000000        0.0000000000000000        0.0000000000000000       0.99999999998726907       0.39999999992042745       0.71428571428571486        27.513020833332575                9
   5.4358418718901822        0.0000000000000000       -5.5511151231257827E-017   0.0000000000000000       0.99999999998726907       0.39999999992042745       0.71428571428571475        27.513020833332575                9
   5.5444738370814823        0.0000000000000000        0.0000000000000000        0.0000000000000000       0.99999999998726896       0.39999999992042751       0.71428571428571486        27.513020833332575                9
   5.6531228370814830        0.0000000000000000        0.0000000000000000        0.0000000000000000       0.99999999998726907       0.39999999992042740       0.71428571428571475        27.513020833332575                9
   5.7617718370814828        0.0000000000000000        0.0000000000000000        0.0000000000000000       0.99999999998726907       0.39999999992042745       0.71428571428571486        27.513020833332575                9
   5.8704208370814825        0.0000000000000000        0.0000000000000000        0.0000000000000000       0.99999999998726907       0.39999999992042745       0.71428571428571486        27.513020833332575                9
   5.9790698370814823        0.0000000000000000        0.0000000000000000        0.0000000000000000       0.99999999998726907       0.39999999992042745       0.71428571428571486        27.513020833332575                9
   6.0877188370814821        0.0000000000000000        0.0000000000000000        0.0000000000000000       0.99999999998726907       0.39999999992042745       0.71428571428571486        27.513020833332575                9
   6.1963678370814819        0.0000000000000000        0.0000000000000000        0.0000000000000000       0.99999999998726907       0.39999999992042745       0.71428571428571486        27.513020833332575                9
   6.3050168370814816        0.0000000000000000        0.0000000000000000        0.0000000000000000       0.99999999998726907       0.39999999992042745       0.71428571428571486        27.513020833332575                9
   6.4136658370814814        0.0000000000000000        0.0000000000000000        0.0000000000000000       0.99999999998726907       0.39999999992042745       0.71428571428571486        27.513020833332575                9
   6.5223148370814812        0.0000000000000000        5.5511151231257827E-017  -1.1102230246251565E-016  0.99999999998726907       0.39999999992042745       0.71428571428571486        27.513020833332575                9
   6.6309638370814810        0.0000000000000000        0.0000000000000000        0.0000000000000000       0.99999999998726907       0.39999999992042745       0.71428571428571486        27.513020833332575                9
   6.7396128370814807        0.0000000000000000        0.0000000000000000        0.0000000000000000       0.99999999998726907       0.39999999992042745       0.71428571428571486        27.513020833332575                9
   6.8482618370814805        0.0000000000000000        1.1102230246251565E-016  -1.1102230246251565E-016  0.99999999998726907       0.39999999992042745       0.71428571428571486        27.513020833332575                9
   6.9569108370814803        0.0000000000000000        1.1102230246251565E-016   0.0000000000000000       0.99999999998726907       0.39999999992042745       0.71428571428571486        27.513020833332575                9
   7.0655598370814801        0.0000000000000000        0.0000000000000000        0.0000000000000000       0.99999999998726907       0.39999999992042745       0.71428571428571486        27.513020833332575                9
   7.1742088370814798        0.0000000000000000       -5.5511151231257827E-017   0.0000000000000000       0.99999999998726907       0.39999999992042745       0.71428571428571486        27.513020833332575                9
   7.2828578370814796        0.0000000000000000        0.0000000000000000        1.1102230246251565E-016  0.99999999998726907       0.39999999992042745       0.71428571428571486        27.513020833332575                9
   7.3915068370814794        0.0000000000000000        0.0000000000000000       -1.1102230246251565E-016  0.99999999998726907       0.39999999992042745       0.71428571428571486        27.513020833332575                9
   7.5001558370814791        0.0000000000000000        0.0000000000000000        0.0000000000000000       0.99999999998726907       0.39999999992042745       0.71428571428571486        27.513020833332575                9
   7.6088048370814789        0.0000000000000000       -5.5511151231257827E-017   0.0000000000000000       0.99999999998726907       0.39999999992042745       0.71428571428571486        27.513020833332575                9
   7.7174538370814787        0.0000000000000000        0.0000000000000000        0.0000000000000000       0.99999999998726907       0.39999999992042745       0.71428571428571486        27.513020833332575                9
   7.8261028370814785        0.0000000000000000        5.5511151231257827E-017   0.0000000000000000       0.99999999998726907       0.39999999992042745       0.71428571428571486        27.513020833332575                9
   7.9347518370814782        0.0000000000000000        0.0000000000000000        0.0000000000000000       0.99999999998726907       0.39999999992042745       0.71428571428571486        27.513020833332575                9
   8.0434008370814780        0.0000000000000000        0.0000000000000000        0.0000000000000000       0.99999999998726907       0.39999999992042745       0.71428571428571486        27.513020833332575                9
   8.1520498370814778        0.0000000000000000        1.1102230246251565E-016   0.0000000000000000       0.99999999998726907       0.39999999992042745       0.71428571428571486        27.513020833332575                9
   8.2606988370814776        0.0000000000000000        0.0000000000000000        0.0000000000000000       0.99999999998726907       0.39999999992042745       0.71428571428571486        27.513020833332575                9
   8.3693478370814773        0.0000000000000000       -5.5511151231257827E-017   0.0000000000000000       0.99999999998726907       0.39999999992042745       0.71428571428571486        27.513020833332575                9
   8.4779968370814771        0.0000000000000000        0.0000000000000000        0.0000000000000000       0.99999999998726907       0.39999999992042745       0.71428571428571486        27.513020833332575                9
   8.5866458370814769        2.2204460492503131E-016   0.0000000000000000        0.0000000000000000       0.99999999998726907       0.39999999992042745       0.71428571428571486        27.513020833332575                9
   8.6952948370814767        0.0000000000000000        5.5511151231257827E-017   0.0000000000000000       0.99999999998726907       0.39999999992042745       0.71428571428571486        27.513020833332575                9
   8.8039438370814764        0.0000000000000000        0.0000000000000000        0.0000000000000000       0.99999999998726907       0.39999999992042745       0.71428571428571486        27.513020833332575                9
   8.9125928370814762        0.0000000000000000        0.0000000000000000        0.0000000000000000       0.99999999998726907       0.39999999992042745       0.71428571428571486        27.513020833332575                9
   9.0212418370814760        0.0000000000000000        0.0000000000000000        0.0000000000000000       0.99999999998726907       0.39999999992042745       0.71428571428571486        27.513020833332575                9
   9.1298908370814758        0.0000000000000000       -5.5511151231257827E-017  -1.1102230246251565E-016  0.99999999998726907       0.39999999992042745       0.71428571428571486        27.513020833332575                9
   9.2385398370814755        0.0000000000000000        0.0000000000000000        1.1102230246251565E-016  0.99999999998726907       0.39999999992042745       0.71428571428571486        27.513020833332575                9
   9.3471888370814753        0.0000000000000000        5.5511151231257827E-017   0.0000000000000000       0.99999999998726907       0.39999999992042745       0.71428571428571486        27.513020833332575                9
   9.4558378370814751       -1.1102230246251565E-016   0.0000000000000000       -1.1102230246251565E-016  0.99999999998726907       0.39999999992042745       0.71428571428571486        27.513020833332575                9
   9.5644868370814748        0.0000000000000000        0.0000000000000000        0.0000000000000000       0.99999999998726907       0.39999999992042745       0.71428571428571486        27.513020833332575                9
   9.6731358370814746        0.0000000000000000        0.0000000000000000        2.2204460492503131E-016  0.99999999998726907       0.39999999992042745       0.71428571428571486        27.513020833332575                9
   9.7817848370814744        0.0000000000000000        0.0000000000000000        1.1102230246251565E-016  0.99999999998726907       0.39999999992042745       0.71428571428571486        27.513020833332575                9
   9.8904338370814742        0.0000000000000000        0.0000000000000000       -1.1102230246251565E-016  0.99999999998726907       0.39999999992042745       0.71428571428571486        27.513020833332575                9
   9.9990828370814739        0.0000000000000000        0.0000000000000000        1.1102230246251565E-016  0.99999999998726907       0.39999999992042745       0.71428571428571486        27.513020833332575                9
