   8.1423683691007109E-002   1.6477482228010192E-002  0.15052857451061744        8.1423683702495420E-002   1.6477482230112379E-002  0.15052857451024435       -10.000000000000000        13.025582243526284     
   8.1423683703648025E-002   1.6477482230327443E-002  0.15052857451021825        8.1423683702495420E-002   1.6477482230112379E-002  0.15052857451024435       -9.9232279999999999        13.025582243526284     
   8.1423683701452462E-002   1.6477482229917018E-002  0.15052857451026588        8.1423683702495420E-002   1.6477482230112379E-002  0.15052857451024435       -9.8464559999999999        13.025582243526284     
   8.1423683702288974E-002   1.6477482230075086E-002  0.15052857451025237        8.1423683702495420E-002   1.6477482230112379E-002  0.15052857451024435       -9.7696839999999998        13.025582243526284     
   8.1423683702595784E-002   1.6477482230131194E-002  0.15052857451024232        8.1423683702495420E-002   1.6477482230112379E-002  0.15052857451024435       -9.6929119999999998        13.025582243526284     
   8.1423683702480668E-002   1.6477482230109471E-002  0.15052857451024426        8.1423683702495420E-002   1.6477482230112379E-002  0.15052857451024435       -9.6161399999999997        13.025582243526284     
   8.1423683702487731E-002   1.6477482230110977E-002  0.15052857451024459        8.1423683702495420E-002   1.6477482230112379E-002  0.15052857451024435       -9.5393679999999996        13.025582243526284     
   8.1423683702498958E-002   1.6477482230113052E-002  0.15052857451024429        8.1423683702495420E-002   1.6477482230112379E-002  0.15052857451024435       -9.4625959999999996        13.025582243526284     
   8.1423683702495239E-002   1.6477482230112341E-002  0.15052857451024435        8.1423683702495420E-002   1.6477482230112379E-002  0.15052857451024435       -9.3858239999999995        13.025582243526284     
   8.1423683702495100E-002   1.6477482230112320E-002  0.15052857451024437        8.1423683702495420E-002   1.6477482230112379E-002  0.15052857451024435       -9.3090519999999994        13.025582243526284     
   8.1423683702495531E-002   1.6477482230112400E-002  0.15052857451024435        8.1423683702495420E-002   1.6477482230112379E-002  0.15052857451024435       -9.2322799999999994        13.025582243526284     
   8.1423683702495420E-002   1.6477482230112379E-002  0.15052857451024435        8.1423683702495420E-002   1.6477482230112379E-002  0.15052857451024435       -9.1555079999999993        13.025582243526284     
   8.1423683702495406E-002   1.6477482230112375E-002  0.15052857451024435        8.1423683702495420E-002   1.6477482230112379E-002  0.15052857451024435       -9.0787359999999993        13.025582243526284     
   8.1423683702495420E-002   1.6477482230112379E-002  0.15052857451024435        8.1423683702495420E-002   1.6477482230112379E-002  0.15052857451024435       -9.0019639999999992        13.025582243526284     
   8.1423683702495420E-002   1.6477482230112379E-002  0.15052857451024435        8.1423683702495420E-002   1.6477482230112379E-002  0.15052857451024435       -8.9251919999999991        13.025582243526284     
   8.1423683702495420E-002   1.6477482230112379E-002  0.15052857451024435        8.1423683702495420E-002   1.6477482230112379E-002  0.15052857451024435       -8.8484199999999991        13.025582243526284     
   8.1423683702495420E-002   1.6477482230112379E-002  0.15052857451024435        8.1423683702495420E-002   1.6477482230112379E-002  0.15052857451024435       -8.7716479999999990        13.025582243526284     
   8.1423683702495420E-002   1.6477482230112379E-002  0.15052857451024435        8.1423683702495420E-002   1.6477482230112379E-002  0.15052857451024435       -8.6948759999999989        13.025582243526284     
   8.1423683702495420E-002   1.6477482230112379E-002  0.15052857451024435        8.1423683702495420E-002   1.6477482230112379E-002  0.15052857451024435       -8.6181039999999989        13.025582243526284     
   8.1423683702495420E-002   1.6477482230112379E-002  0.15052857451024435        8.1423683702495420E-002   1.6477482230112379E-002  0.15052857451024435       -8.5413319999999988        13.025582243526284     
   8.1423683702495420E-002   1.6477482230112379E-002  0.15052857451024435        8.1423683702495420E-002   1.6477482230112379E-002  0.15052857451024435       -8.4645599999999988        13.025582243526284     
   8.1423683702495420E-002   1.6477482230112379E-002  0.15052857451024435        8.1423683702495420E-002   1.6477482230112379E-002  0.15052857451024435       -8.3877879999999987        13.025582243526284     
   8.1423683702495420E-002   1.6477482230112379E-002  0.15052857451024435        8.1423683702495420E-002   1.6477482230112379E-002  0.15052857451024435       -8.3110159999999986        13.025582243526284     
   8.1423683702495420E-002   1.6477482230112379E-002  0.15052857451024435        8.1423683702495420E-002   1.6477482230112379E-002  0.15052857451024435       -8.2342439999999986        13.025582243526284     
   8.1423683702495420E-002   1.6477482230112379E-002  0.15052857451024435        8.1423683702495420E-002   1.6477482230112379E-002  0.15052857451024435       -8.1574719999999985        13.025582243526284     
   8.1423683702495420E-002   1.6477482230112379E-002  0.15052857451024435        8.1423683702495420E-002   1.6477482230112379E-002  0.15052857451024435       -8.0806999999999984        13.025582243526284     
   8.1423683702495420E-002   1.6477482230112372E-002  0.15052857451024435        8.1423683702495420E-002   1.6477482230112379E-002  0.15052857451024435       -8.0039279999999984        13.025582243526284     
   8.1423683702495447E-002   1.6477482230112400E-002  0.15052857451024440        8.1423683702495420E-002   1.6477482230112379E-002  0.15052857451024435       -7.9271559999999983        13.025582243526284     
   8.1423683702495364E-002   1.6477482230112389E-002  0.15052857451024426        8.1423683702495420E-002   1.6477482230112379E-002  0.15052857451024435       -7.8503839999999983        13.025582243526284     
   8.1423683702495309E-002   1.6477482230112174E-002  0.15052857451024407        8.1423683702495420E-002   1.6477482230112379E-002  0.15052857451024435       -7.7736119999999982        13.025582243526284     
   8.1423683702496280E-002   1.6477482230112854E-002  0.15052857451024593        8.1423683702495420E-002   1.6477482230112379E-002  0.15052857451024435       -7.6968399999999981        13.025582243526284     
   8.1423683702493990E-002   1.6477482230112857E-002  0.15052857451024232        8.1423683702495420E-002   1.6477482230112379E-002  0.15052857451024435       -7.6200679999999981        13.025582243526284     
   8.1423683702491034E-002   1.6477482230106998E-002  0.15052857451023485        8.1423683702495420E-002   1.6477482230112379E-002  0.15052857451024435       -7.5432959999999980        13.025582243526284     
   8.1423683702521635E-002   1.6477482230122849E-002  0.15052857451029167        8.1423683702495420E-002   1.6477482230112379E-002  0.15052857451024435       -7.4665239999999979        13.025582243526284     
   8.1423683702464292E-002   1.6477482230129566E-002  0.15052857451019988        8.1423683702495420E-002   1.6477482230112379E-002  0.15052857451024435       -7.3897519999999979        13.025582243526284     
   8.1423683702328109E-002   1.6477482229977927E-002  0.15052857450991039        8.1423683702495420E-002   1.6477482230112379E-002  0.15052857451024435       -7.3129799999999978        13.025582243526284     
   8.1423683703264485E-002   1.6477482230333275E-002  0.15052857451163432        8.1423683702495420E-002   1.6477482230112379E-002  0.15052857451024435       -7.2362079999999978        13.025582243526284     
   8.1423683701987215E-002   1.6477482230625024E-002  0.15052857450955728        8.1423683702495420E-002   1.6477482230112379E-002  0.15052857451024435       -7.1594359999999977        13.025582243526284     
   8.1423683696613708E-002   1.6477482226919332E-002  0.15052857449895754        8.1423683702495420E-002   1.6477482230112379E-002  0.15052857451024435       -7.0826639999999976        13.025582243526284     
   8.1423683723623075E-002   1.6477482234742241E-002  0.15052857454865795        8.1423683702495420E-002   1.6477482230112379E-002  0.15052857451024435       -7.0058919999999976        13.025582243526284     
   8.1423683699090726E-002   1.6477482242781172E-002  0.15052857450817828        8.1423683702495420E-002   1.6477482230112379E-002  0.15052857451024435       -6.9291199999999975        13.025582243526284     
   8.1423683493822646E-002   1.6477482155549374E-002  0.15052857411828005        8.1423683702495420E-002   1.6477482230112379E-002  0.15052857451024435       -6.8523479999999974        13.025582243526284     
   8.1423684245509914E-002   1.6477482331532713E-002  0.15052857550542750        8.1423683702495420E-002   1.6477482230112379E-002  0.15052857451024435       -6.7755759999999974        13.025582243526284     
   8.1423684208332750E-002   1.6477482517445564E-002  0.15052857549515242        8.1423683702495420E-002   1.6477482230112379E-002  0.15052857451024435       -6.6988039999999973        13.025582243526284     
   8.1423678332443156E-002   1.6477480750019344E-002  0.15052856449798957        8.1423683702495420E-002   1.6477482230112379E-002  0.15052857451024435       -6.6220319999999973        13.025582243526284     
   8.1423696507497201E-002   1.6477485166889187E-002  0.15052859823965559        8.1423683702495420E-002   1.6477482230112379E-002  0.15052857451024435       -6.5452599999999972        13.025582243526284     
   8.1423667379543832E-002   1.6477478954927367E-002  0.15052854436171431        8.1423683702496016E-002   1.6477482230112497E-002  0.15052857451024543       -6.4684879999999962        13.025582243526189     
   8.1423174497247175E-002   1.6477378810458007E-002  0.15052763305275080        8.1423162388764042E-002   1.6477376733316427E-002  0.15052761075364074       -6.3917164915314029        13.025665640126018     
   8.1422564585348467E-002   1.6477256132637647E-002  0.15052650565867834        8.1422569285166529E-002   1.6477256708606856E-002  0.15052651427857341       -6.3149455422827723        13.025760522530478     
   8.1421894778203621E-002   1.6477120055164225E-002  0.15052526729320484        8.1421894506968434E-002   1.6477120155637712E-002  0.15052526681105965       -6.2381752292626871        13.025868472600511     
   8.1421127331477675E-002   1.6476964900381082E-002  0.15052384852141606        8.1421126808823213E-002   1.6476964798719788E-002  0.15052384756174300       -6.1614056400826360        13.025991290049229     
   8.1420253228771222E-002   1.6476788045947783E-002  0.15052223257373579        8.1420253397610096E-002   1.6476788048945160E-002  0.15052223287988517       -6.0846368744163666        13.026131022442337     
   8.1419259706781585E-002   1.6476586948205751E-002  0.15052039583561580        8.1419259719561834E-002   1.6476586961108819E-002  0.15052039585982754       -6.0078690456599446        13.026289999329320     
   8.1418129237598294E-002   1.6476358187349910E-002  0.15051830592854423        8.1418129218161911E-002   1.6476358184715007E-002  0.15051830589341392       -5.9311022828200910        13.026470871073997     
   8.1416843054637089E-002   1.6476097909260506E-002  0.15051592815355924        8.1416843058810986E-002   1.6476097908258745E-002  0.15051592816097928       -5.8543367326621158        13.026676653031281     
   8.1415379814868072E-002   1.6475801795280420E-002  0.15051322305096859        8.1415379815719266E-002   1.6475801795863113E-002  0.15051322305250539       -5.7775725621530771        13.026910775805916     
   8.1413715116537319E-002   1.6475464915250957E-002  0.15051014551059533        8.1413715115865717E-002   1.6475464915228291E-002  0.15051014550940556       -5.7008099612406387        13.027177142430137     
   8.1411821234069690E-002   1.6475081655774271E-002  0.15050664427593913        8.1411821234166376E-002   1.6475081655706884E-002  0.15050664427610916       -5.6240491460136326        13.027480193412295     
   8.1409666633163014E-002   1.6474645635139944E-002  0.15050266104908558        8.1409666633204661E-002   1.6474645635160465E-002  0.15050266104915780       -5.5472903622965939        13.027824980739330     
   8.1407215440003108E-002   1.6474149594068264E-002  0.15049812950990651        8.1407215439981820E-002   1.6474149594071001E-002  0.15049812950986963       -5.4705338897376556        13.028217252064774     
   8.1404426851132430E-002   1.6473585275179576E-002  0.15049297422475719        8.1404426851134123E-002   1.6473585275176356E-002  0.15049297422476030       -5.3937800464572421        13.028663546483145     
   8.1401254456920077E-002   1.6472943286667249E-002  0.15048710939579305        8.1401254456921798E-002   1.6472943286667808E-002  0.15048710939579590       -5.3170291943341601        13.029171303484004     
   8.1397645473004571E-002   1.6472212946726281E-002  0.15048043744017076        8.1397645473003932E-002   1.6472212946726513E-002  0.15048043744016970       -5.2402817450160208        13.029748986897623     
   8.1393539867561773E-002   1.6471382106882006E-002  0.15047284737660821        8.1393539867561801E-002   1.6471382106881882E-002  0.15047284737660827       -5.1635381667526739        13.030406225892724     
   8.1388869369694639E-002   1.6470436951343440E-002  0.15046421299218560        8.1388869369694708E-002   1.6470436951343450E-002  0.15046421299218571       -5.0867989921645966        13.031153975369486     
   8.1383556343174887E-002   1.6469361769085797E-002  0.15045439076022571        8.1383556343174873E-002   1.6469361769085811E-002  0.15045439076022571       -5.0100648270731840        13.032004698411903     
   8.1377512507583113E-002   1.6468138695048429E-002  0.15044321747605538        8.1377512507583127E-002   1.6468138695048425E-002  0.15044321747605541       -4.9333363605368472        13.032972573828602     
   8.1370637486536959E-002   1.6466747416344633E-002  0.15043050757310397        8.1370637486536973E-002   1.6466747416344636E-002  0.15043050757310400       -4.8566143762559397        13.034073732225618     
   8.1362817160142736E-002   1.6465164838852003E-002  0.15041605007706846        8.1362817160142750E-002   1.6465164838852006E-002  0.15041605007706849       -4.7798997655311117        13.035326524525470     
   8.1353921795928916E-002   1.6463364708974568E-002  0.15039960515055606        8.1353921795928916E-002   1.6463364708974568E-002  0.15039960515055606       -4.7031935419839490        13.036751827381462     
   8.1343803929329717E-002   1.6461317184722241E-002  0.15038090017471847        8.1343803929329717E-002   1.6461317184722237E-002  0.15038090017471845       -4.6264968582760480        13.038373390543065     
   8.1332295961262416E-002   1.6458988349539266E-002  0.15035962530787494        8.1332295961262402E-002   1.6458988349539263E-002  0.15035962530787492       -4.5498110250932555        13.040218231917018     
   8.1319207436464952E-002   1.6456339661529068E-002  0.15033542845395462        8.1319207436464910E-002   1.6456339661529061E-002  0.15033542845395453       -4.4731375326960929        13.042317086850232     
   8.1304321962019963E-002   1.6453327329864608E-002  0.15030790956574880        8.1304321962019893E-002   1.6453327329864594E-002  0.15030790956574869       -4.3964780753756072        13.044704919046792     
   8.1287393720887891E-002   1.6449901609241851E-002  0.15027661419945357        8.1287393720887793E-002   1.6449901609241833E-002  0.15027661419945343       -4.3198345791965131        13.047421501535888     
   8.1268143530316236E-002   1.6446006002231131E-002  0.15024102622782129        8.1268143530316111E-002   1.6446006002231107E-002  0.15024102622782104       -4.2432092334567431        13.050512077245669     
   8.1246254389716319E-002   1.6441576358313476E-002  0.15020055960948703        8.1246254389716138E-002   1.6441576358313444E-002  0.15020055960948667       -4.1666045263447735        13.054028110026580     
   8.1221366457062114E-002   1.6436539857268579E-002  0.15015454910179946        8.1221366457061864E-002   1.6436539857268530E-002  0.15015454910179898       -4.0900232853335607        13.058028138426018     
   8.1193071387159130E-002   1.6430813863426201E-002  0.15010223979393603        8.1193071387158797E-002   1.6430813863426135E-002  0.15010223979393542       -4.0134687229127506        13.062578746164592     
   8.1160905959397539E-002   1.6424304636132675E-002  0.15004277532648269        8.1160905959397095E-002   1.6424304636132585E-002  0.15004277532648186       -3.9369444883290985        13.067755665126645     
   8.1124344917048175E-002   1.6416905880659874E-002  0.14997518465338619        8.1124344917047606E-002   1.6416905880659756E-002  0.14997518465338511       -3.8604547260785020        13.073645028779037     
   8.1082792935064804E-002   1.6408497122753548E-002  0.14989836719277061        8.1082792935064055E-002   1.6408497122753395E-002  0.14989836719276922       -3.7840041419713604        13.080344796300725     
   8.1035575629122711E-002   1.6398941889162189E-002  0.14981107620527936        8.1035575629121753E-002   1.6398941889161980E-002  0.14981107620527762       -3.7075980776752444        13.087966370371378     
   8.0981929515772030E-002   1.6388085675913915E-002  0.14971190023333653        8.0981929515770837E-002   1.6388085675913634E-002  0.14971190023333431       -3.6312425947238407        13.096636434562914     
   8.0920990832824960E-002   1.6375753685963175E-002  0.14959924243331441        8.0920990832823475E-002   1.6375753685962783E-002  0.14959924243331166       -3.5549445690668198        13.106499039637724     
   8.0851783131341851E-002   1.6361748318303435E-002  0.14947129763675068        8.0851783131340033E-002   1.6361748318302876E-002  0.14947129763674732       -3.4787117973188373        13.117717971817910     
   8.0773203557021486E-002   1.6345846391994129E-002  0.14932602698866432        8.0773203557019349E-002   1.6345846391993317E-002  0.14932602698866035       -3.4025531159433706        13.130479440287885     
   8.0684007750941297E-002   1.6327796091120141E-002  0.14916113003347289        8.0684007750938813E-002   1.6327796091118927E-002  0.14916113003346829       -3.3264785346730981        13.144995125865618     
   8.0582793319333573E-002   1.6307313620954743E-002  0.14897401415552167        8.0582793319330798E-002   1.6307313620952921E-002  0.14897401415551653       -3.2504993855158930        13.161505637960557     
   8.0467981851765902E-002   1.6284079572170256E-002  0.14876176133614016        8.0467981851762946E-002   1.6284079572167560E-002  0.14876176133613464       -3.1746284887147618        13.180284432661248     
   8.0337799509571192E-002   1.6257734999742136E-002  0.14852109226774185        8.0337799509568250E-002   1.6257734999738267E-002  0.14852109226773627       -3.0988803370090436        13.201642251087602     
   8.0190256265031276E-002   1.6227877237539493E-002  0.14824832797406642        8.0190256265028584E-002   1.6227877237534261E-002  0.14824832797406123       -3.0232712994674142        13.225932144016690     
   8.0023123950583488E-002   1.6194055490444212E-002  0.14793934923156338        8.0023123950581393E-002   1.6194055490437793E-002  0.14793934923155921       -2.9478198460112637        13.253555156245753     
   7.9833913380580712E-002   1.6155766276104589E-002  0.14758955427835538        7.9833913380579546E-002   1.6155766276097952E-002  0.14758955427835282       -2.8725467934959603        13.284966752167968     
   7.9619850940590889E-002   1.6112448832398981E-002  0.14719381554308611        7.9619850940590986E-002   1.6112448832394495E-002  0.14719381554308592       -2.7974755738383479        13.320684072549227     
   7.9377855205569989E-002   1.6063480670461823E-002  0.14674643643522473        7.9377855205571571E-002   1.6063480670463894E-002  0.14674643643522739       -2.7226325241372158        13.361294121408244     
   7.9104514352796390E-002   1.6008173544889884E-002  0.14624110961947337        7.9104514352799651E-002   1.6008173544905250E-002  0.14624110961947964       -2.6480471979896056        13.407462991057020     
   7.8796065381532485E-002   1.5945770242425179E-002  0.14567087865646952        7.8796065381537966E-002   1.5945770242462239E-002  0.14567087865648101       -2.5737526962150485        13.459946242515320     
   7.8448376440717310E-002   1.5875442768075072E-002  0.14502810543376182        7.8448376440726789E-002   1.5875442768141495E-002  0.14502810543378283       -2.4997860139140351        13.519600567325977     
   7.8056933898073139E-002   1.5796292739683561E-002  0.14430444643449139        7.8056933898091499E-002   1.5796292739781607E-002  0.14430444643453288       -2.4261883991573998        13.587396864785536     
   7.7616836155562849E-002   1.5707355084183229E-002  0.14349084159008296        7.7616836155601401E-002   1.5707355084303317E-002  0.14349084159016995       -2.3530057165847262        13.664434875108041     
   7.7122796620696474E-002   1.5607606435767222E-002  0.14257752022420905        7.7122796620778492E-002   1.5607606435882340E-002  0.14257752022439374       -2.2802888067478291        13.751959513172153     
   7.6569158670500834E-002   1.5495979908638323E-002  0.14155402939609590        7.6569158670670656E-002   1.5495979908704625E-002  0.14155402939648185       -2.2080938291554855        13.851379048091133     
   7.5949925879535515E-002   1.5371388050144662E-002  0.14040929075744052        7.5949925879873398E-002   1.5371388050115639E-002  0.14040929075822386       -2.1364825736768993        13.964285269360033     
   7.5258811200767731E-002   1.5232755622030789E-002  0.13913169279535614        7.5258811201413853E-002   1.5232755621890904E-002  0.13913169279689416       -2.0655227213127039        14.092475768799305     
   7.4489309147779750E-002   1.5079063227014956E-002  0.13770922595906632        7.4489309148970118E-002   1.5079063226830830E-002  0.13770922596197904       -1.9952880314820083        14.237978446413784     
   7.3634795259779992E-002   1.4909401533033802E-002  0.13612966852510333        7.3634795261892996E-002   1.4909401533006694E-002  0.13612966853040095       -1.9258584291312109        14.403078314454932     
   7.2688657124530667E-002   1.4723033887409580E-002  0.13438083093473699        7.2688657128131426E-002   1.4723033887898421E-002  0.13438083094393338       -1.8573199614850466        14.590346623484287     
   7.1644460818770808E-002   1.4519462598613472E-002  0.13245086543513707        7.1644460824621503E-002   1.4519462600094823E-002  0.13245086545026269       -1.7897645915976790        14.802672262282917     
   7.0496155573659847E-002   1.4298491517217769E-002  0.13032864577932210        7.0496155582647435E-002   1.4298491520169413E-002  0.13032864580271153       -1.7232897946131143        15.043295284259356     
   6.9238317526245777E-002   1.4060275477996442E-002  0.12800421805487044        6.9238317539177446E-002   1.4060275482731316E-002  0.12800421808860826       -1.6579979235078182        15.315842279773232     
   6.7866430353585819E-002   1.3805346535176819E-002  0.12546931805304709        6.7866430370838463E-002   1.3805346541690251E-002  0.12546931809805253       -1.5939953148176025        15.624363138699255     
   6.6377196316014131E-002   1.3534608478392756E-002  0.12271794283275740        6.6377196337095323E-002   1.3534608486287189E-002  0.12271794288766444       -1.5313911121644510        15.973368521923978     
   6.4768865920396393E-002   1.3249295139656284E-002  0.11974695457927902        6.4768865943554188E-002   1.3249295148165788E-002  0.11974695463946151       -1.4702957968485997        16.367867075080767     
   6.3041568542113555E-002   1.2950894036161053E-002  0.11655668437169210        6.3041568564174352E-002   1.2950894044243225E-002  0.11655668442887777       -1.4108194305727058        16.813401063563386     
   6.1197620736364880E-002   1.2641043714029089E-002  0.11315149349344476        6.1197620752946005E-002   1.2641043720471517E-002  0.11315149353628060       -1.3530696352137357        17.316078676712991     
   5.9241784676542203E-002   1.2321419058455624E-002  0.10954024229528142        5.9241784682682187E-002   1.2321419061974460E-002  0.10954024231095855       -1.2971493574657054        17.882600735745125     
   5.7181447273172259E-002   1.1993622169606116E-002  0.10573661328950955        5.7181447264286138E-002   1.1993622168962159E-002  0.10573661326622083       -1.2431544903789160        18.520278944156615     
   5.5026691955775558E-002   1.1659096151238517E-002  0.10175923775412976        5.5026691928728659E-002   1.1659096145409708E-002  0.10175923768383785       -1.1911714468183261        19.237042148838970     
   5.2790240342273524E-002   1.1319075272552747E-002   9.7631584594554496E-002   5.2790240296309063E-002   1.1319075260963292E-002   9.7631584475387820E-002  -1.1412747986313114        20.041426354971982     
   5.0487250015329457E-002   1.0974578352391955E-002   9.3381586491976809E-002   5.0487249952599178E-002   1.0974578335138856E-002   9.3381586329595132E-002  -1.0935251067075982        20.942543495309657     
   4.8134966675747154E-002   1.0626444411700124E-002   8.9041000244646090E-002   4.8134966601275080E-002   1.0626444389686358E-002   8.9041000052126798E-002  -1.0479670684140521        21.950023255098429     
   4.5752242742766097E-002   1.0275402326366151E-002   8.4644523329844429E-002   4.5752242663808521E-002   1.0275402301270577E-002   8.4644523125995949E-002  -1.0046280984042502        23.073921686967434     
   4.3358948242391213E-002   9.9221607920638409E-003   8.0228713840849813E-002   4.3358948167308217E-002   9.9221607661358659E-003   8.0228713647263847E-002 -0.96351743637891474        24.324590039044558     
   4.0975311581430029E-002   9.5675022497970202E-003   7.5830782440857655E-002   4.0975311518313108E-002   9.5675022255248439E-003   7.5830782278350731E-002 -0.92462584263732339        25.712497323826103     
   3.8621235708403603E-002   9.2123647563963490E-003   7.1487339442846687E-002   3.8621235663768093E-002   9.2123647361324248E-003   7.1487339328099322E-002 -0.88792590252589898        27.248000867682826     
   3.6315637904975537E-002   8.8578987848393076E-003   6.7233185162397291E-002   3.6315637882803523E-002   8.8578987704673491E-003   6.7233185105525117E-002 -0.85337291867777576        28.941060615646798     
   3.4075858559619469E-002   8.5054908297989736E-003   6.3100226427187558E-002   3.4075858560936562E-002   8.5054908225031100E-003   6.3100226430701511E-002 -0.82090633020322745        30.800895535542129     
   3.1917176237946127E-002   8.1567514400692140E-003   5.9116587458126639E-002   3.1917176260969203E-002   8.1567514402330829E-003   5.9116587517356975E-002 -0.79045156525487814        32.835584240954759     
   2.9852454533563458E-002   7.8134708192456187E-003   5.5305961739001180E-002   2.9852454574315495E-002   7.8134708264797504E-003   5.5305961843701658E-002 -0.76192221096776935        35.051617009497427     
   2.7891932470810586E-002   7.4775495085868619E-003   5.1687226458801847E-002   2.7891932524004914E-002   7.4775495218614464E-003   5.1687226595420216E-002 -0.73522237429159976        37.453412623026601     
   2.6043156687464035E-002   7.1509142984293571E-003   4.8274316387955429E-002   2.6043156747435021E-002   7.1509143162765201E-003   4.8274316542002683E-002 -0.71024910853235346        40.042820576229630     
   2.4311042030011960E-002   6.8354302240065555E-003   4.5076332877744395E-002   2.4311042091506148E-002   6.8354302447507665E-003   4.5076333035797445E-002 -0.68689479181306390        42.818636572400756     
   2.2698038753337955E-002   6.5328184946203526E-003   4.2097848247960278E-002   2.2698038812054969E-002   6.5328185165971697E-003   4.2097848399025695E-002 -0.66504936243107404        45.776165920750273     
   2.1204379740911231E-002   6.2445879686494968E-003   3.9339357078940554E-002   2.1204379793765885E-002   6.2445879903812590E-003   3.9339357215113648E-002 -0.64460233908614795        48.906874273616296     
   1.9828379911190915E-002   5.9719849316685961E-003   3.6797823596989680E-002   1.9828379956332770E-002   5.9719849519789215E-003   3.6797823713503403E-002 -0.62544457815630172        52.198166772301683     
   1.8566761631467556E-002   5.7159630430693902E-003   3.4467277312241751E-002   1.8566761668129997E-002   5.7159630611331325E-003   3.4467277407087174E-002 -0.60746974310572344        55.633333890751139     
   1.7414983645782194E-002   5.4771728317861458E-003   3.2339415745039256E-002   1.7414983674040669E-002   5.4771728471237338E-003   3.2339415818357017E-002 -0.59057548095794765        59.191694271871597     
   1.6367555817928672E-002   5.2559683002498985E-003   3.0404181788250589E-002   1.6367555838435639E-002   5.2559683126822722E-003   3.0404181841662228E-002 -0.57466431656896799        62.848951563382364     
   1.5418327085444218E-002   5.0524271123271293E-003   2.8650292528766264E-002   1.5418327099187171E-002   5.0524271219094443E-003   2.8650292564761658E-002 -0.55964428688462098        66.577764559423173     
   1.4560738807841650E-002   4.8663804316675030E-003   2.7065705083798002E-002   1.4560738815948836E-002   4.8663804386174341E-003   2.7065705105241086E-002 -0.54542934468017168        70.348509731330111     
   1.3788039788507119E-002   4.6974485953408087E-003   2.5638012494873887E-002   1.3788039792108110E-002   4.6974485999726444E-003   2.5638012504645754E-002 -0.53193956500922190        74.130195184247185     
   1.3093462474059113E-002   4.5450792783716639E-003   2.4354768631014843E-002   1.3093462474196306E-002   4.5450792810424858E-003   2.4354768631785019E-002 -0.51910118845266262        77.891468254923822     
   1.2470362163885253E-002   4.4085854620539771E-003   2.3203745334349719E-002   1.2470362161466577E-002   4.4085854631240127E-003   2.3203745328451982E-002 -0.50684653400986057        81.601648146624044     
   1.1912322576468711E-002   4.2871812292474424E-003   2.2173127838298050E-002   1.1912322572250358E-002   4.2871812290539010E-003   2.2173127827683034E-002 -0.49511381181161157        85.231712053085118     
   1.1413231954541749E-002   4.1800140800026392E-003   2.1251656045672536E-002   1.1413231949130619E-002   4.1800140788447824E-003   2.1251656031911186E-002 -0.48384686234913848        88.755168675488221     
   1.0967334203640208E-002   4.0861930359679544E-003   2.0428719852842090E-002   1.0967334197507702E-002   4.0861930341006122E-003   2.0428719837158878E-002 -0.47299484507062706        92.148765923930597     
   1.0569259497965004E-002   4.0048122583089306E-003   1.9694416618163495E-002   1.0569259491466211E-002   4.0048122559418605E-003   1.9694416601484105E-002 -0.46251189533649345        95.392997711693013     
   1.0214038483275107E-002   3.9349702395451514E-003   1.9039578334504051E-002   1.0214038476669325E-002   3.9349702368459841E-003   1.9039578317507085E-002 -0.45235676507590361        98.472395167673113     
   9.8971037626764766E-003   3.8757848565241339E-003   1.8455775266676074E-002   9.8971037561467069E-003   3.8757848536232343E-003   1.8455775249842574E-002 -0.44249245918836644        101.37560730587484     
   9.6142818452392299E-003   3.8264047081496299E-003   1.7935301897410112E-002   9.6142818389094113E-003   3.8264047051457099E-003   1.7935301881067667E-002 -0.43288587685435098        104.09529270978607     
   9.3617782235269256E-003   3.7860172277877076E-003   1.7471150089935671E-002   9.3617782174764477E-003   3.7860172247534359E-003   1.7471150074295672E-002 -0.42350746447681564        106.62785552012605     
   9.1361577592544620E-003   3.7538540756906105E-003   1.7056973486021660E-002   9.1361577535299249E-003   3.7538540726777970E-003   1.7056973471209682E-002 -0.41433088495697140        108.97306538209710     
   8.9343221165086983E-003   3.7291942978088135E-003   1.6687046353068502E-002   8.9343221111332083E-003   3.7291942948529376E-003   1.6687046339148370E-002 -0.40533270637797408        111.13360234193424     
   8.7534855986764262E-003   3.7113656972292365E-003   1.6356219390484254E-002   8.7534855936567367E-003   3.7113656943532788E-003   1.6356219377476625E-002 -0.39649211188445549        113.11456494618567     
   8.5911504205622071E-003   3.6997448131665940E-003   1.6059874408619428E-002   8.5911504158941148E-003   3.6997448103841821E-003   1.6059874396515874E-002 -0.38779063155502547        114.92297426885102     
   8.4450821786794285E-003   3.6937558470667244E-003   1.5793879298927237E-002   8.4450821743517635E-003   3.6937558443846550E-003   1.5793879287700676E-002 -0.37921189632100877        116.56729957520606     
   8.3132860652755606E-003   3.6928688207274753E-003   1.5554544312778426E-002   8.3132860612730817E-003   3.6928688181476995E-003   1.5554544302390741E-002 -0.37074141344306566        118.05702395125191     
   8.1939841989815427E-003   3.6965972003581600E-003   1.5338580347140881E-002   8.1939841952870032E-003   3.6965971978793464E-003   1.5338580337548381E-002 -0.36236636267818995        119.40226132048308     
   8.0855943104106084E-003   3.7044951747980167E-003   1.5143059686108688E-002   8.0855943070061997E-003   3.7044951724167340E-003   1.5143059677265895E-002 -0.35407541201850828        120.61343035882875     
   7.9867099181742587E-003   3.7161547363755106E-003   1.4965379456396652E-002   7.9867099150425815E-003   3.7161547340871376E-003   1.4965379448258917E-002 -0.34585855173134228        121.70098614940667     
   7.8960820537988027E-003   3.7312026791713562E-003   1.4803227911755678E-002   7.8960820509235054E-003   3.7312026769707671E-003   1.4803227904280869E-002 -0.33770694535321494        122.67520702216802     
   7.8126025377947862E-003   3.7492976014222878E-003   1.4654553556438625E-002   7.8126025351609590E-003   3.7492975993043791E-003   1.4654553549588211E-002 -0.32961279626947015        123.54603178835312     
   7.7352887692839671E-003   3.7701269759305811E-003   1.4517537043337208E-002   7.7352887668783671E-003   3.7701269738906590E-003   1.4517537037076863E-002 -0.32156922853043779        124.32294131711986     
   7.6632699644799320E-003   3.7934043339913049E-003   1.4390565731515570E-002   7.6632699622910683E-003   3.7934043320253658E-003   1.4390565725815426E-002 -0.31357018060243091        125.01487789549600     
   7.5957747619625352E-003   3.8188665938616272E-003   1.4272210755083526E-002   7.5957747599806821E-003   3.8188665919665892E-003   1.4272210749918241E-002 -0.30561031081787887        125.63019585329484     
   7.5321201026752873E-003   3.8462715535487846E-003   1.4161206436237247E-002   7.5321201008924305E-003   3.8462715517226446E-003   1.4161206431585872E-002 -0.29768491336638248        126.17663733838245     
   7.4717012879947798E-003   3.8753955591150921E-003   1.4056431866308802E-002   7.4717012864045189E-003   3.8753955573570431E-003   1.4056431862154550E-002 -0.28978984375204370        126.66132774609540     
   7.4139831185697563E-003   3.9060313532858185E-003   1.3956894477025918E-002   7.4139831171671699E-003   3.9060313515963340E-003   1.3956894473355835E-002 -0.28192145272810787        127.09078602702613     
   7.3584920187412580E-003   3.9379861044651233E-003   1.3861715427730877E-002   7.3584920175227561E-003   3.9379861028460148E-003   1.3861715424535456E-002 -0.27407652780492864        127.47094583981524     
   7.3048090553453279E-003   3.9710796129499050E-003   1.3770116641390009E-002   7.3048090543084716E-003   3.9710796114043470E-003   1.3770116638662757E-002 -0.26625224150955062        127.80718422723366     
   7.2525637648963104E-003   4.0051426888765302E-003   1.3681409331595047E-002   7.2525637640396285E-003   4.0051426874090617E-003   1.3681409329332003E-002 -0.25844610565349646        128.10435514319619     
   7.2014287090568611E-003   4.0400156949907950E-003   1.3594983873489756E-002   7.2014287083796442E-003   4.0400156936073019E-003   1.3594983871688978E-002 -0.25065593093883382        128.36682572956931     
   7.1511146845626280E-003   4.0755472464940592E-003   1.3510300882979123E-002   7.1511146840647216E-003   4.0755472452017223E-003   1.3510300881640154E-002 -0.24287979130084822        128.59851372975700     
   7.1013665201349720E-003   4.1115930598246359E-003   1.3426883380221872E-002   7.1013665198165427E-003   4.1115930586318487E-003   1.3426883379345146E-002 -0.23511599244849229        128.80292483318925     
   7.0519593992196808E-003   4.1480149421539991E-003   1.3344309924957238E-002   7.0519593990809922E-003   4.1480149410702757E-003   1.3344309924543529E-002 -0.22736304412124514        128.98318907731868     
   7.0026956535355163E-003   4.1846799135090073E-003   1.3262208622483314E-002   7.0026956535766873E-003   4.1846799125448298E-003   1.3262208622533085E-002 -0.21961963563325893        129.14209570003766     
   6.9534019783617741E-003   4.2214594536945423E-003   1.3180251909999286E-002   6.9534019785825289E-003   4.2214594528611959E-003   1.3180251910512086E-002 -0.21188461432293859        129.28212604479390     
   6.9039270262444248E-003   4.2582288665240055E-003   1.3098152043546890E-002   6.9039270266438718E-003   4.2582288658333939E-003   1.3098152044520752E-002 -0.20415696656869722        129.40548428221840     
   6.8541393414060766E-003   4.2948667542210255E-003   1.3015657216016300E-002   6.8541393419823586E-003   4.2948667536852926E-003   1.3015657217446882E-002 -0.19643580106988517        129.51412583422226     
   6.8039256027017875E-003   4.3312545951983070E-003   1.2932548246778921E-002   6.8039256034521994E-003   4.3312545948301154E-003   1.2932548248659919E-002 -0.18872033412614889        129.60978347679108     
   6.7531891486279022E-003   4.3672764187307781E-003   1.2848635793746914E-002   6.7531891495475841E-003   4.3672764185412171E-003   1.2848635796065841E-002 -0.18100987667907784        129.69399116259535     
   6.7018487638723827E-003   4.4028185702760236E-003   1.2763758049369628E-002   6.7018487649570394E-003   4.4028185702795338E-003   1.2763758052118233E-002 -0.17330382290727606        129.76810564951262     
   6.6498377135694054E-003   4.4377695614300295E-003   1.2677778893996447E-002   6.6498377148071601E-003   4.4377695616297083E-003   1.2677778897140368E-002 -0.16560164019026657        129.83332605075728     
   6.5971030191262379E-003   4.4720199984896085E-003   1.2590586493481423E-002   6.5971030205186944E-003   4.4720199989134613E-003   1.2590586497032565E-002 -0.15790286027819961        129.89071144021324     
   6.5436049793152493E-003   4.5054625839774836E-003   1.2502092345424098E-002   6.5436049808225896E-003   4.5054625845942177E-003   1.2502092349282325E-002 -0.15020707152346421        129.94119665572643     
   6.4893169523672217E-003   4.5379921846900812E-003   1.2412230798783740E-002   6.4893169540260554E-003   4.5379921855646854E-003   1.2412230803009884E-002 -0.14251391204725417        129.98560644587585     
   6.4342254329609458E-003   4.5695059611818283E-003   1.2320959103817693E-002   6.4342254347364179E-003   4.5695059623259357E-003   1.2320959108423240E-002 -0.13482306372914390        130.02466810393605     
   6.3783304810478610E-003   4.5999035520499360E-003   1.2228258089140381E-002   6.3783304825499711E-003   4.5999035529316395E-003   1.2228258093010270E-002 -0.12713424692100117        130.05902272778334     
   6.3216465926919539E-003   4.6290873019821967E-003   1.2134133615080438E-002   6.3216465958773720E-003   4.6290873053965948E-003   1.2134133623260714E-002 -0.11944721579829061        130.08923523746390     
   6.2642041800224195E-003   4.6569625566753826E-003   1.2038619109548954E-002   6.2642041779523688E-003   4.6569625520683066E-003   1.2038619103467908E-002 -0.11176175427218075        130.11580327384314     
   6.2060518129925775E-003   4.6834378981890452E-003   1.1941779367354563E-002   6.2060518255819723E-003   4.6834379192493654E-003   1.1941779406867328E-002 -0.10407767239500752        130.13916509279485     
   6.1472598307849517E-003   4.7084257151555039E-003   1.1843716963539776E-002   6.1472598037855264E-003   4.7084256651531674E-003   1.1843716862476586E-002  -9.6394803199712595E-002   130.15970656020156     
   6.0879252061632107E-003   4.7318418988740877E-003   1.1744579982452714E-002   6.0879252848367888E-003   4.7318420390926735E-003   1.1744580291486740E-002  -8.8712999920985525E-002   130.17776734393368     
   6.0281804819665719E-003   4.7536080171603212E-003   1.1644579485501348E-002   6.0281802877517263E-003   4.7536076546584533E-003   1.1644578702084700E-002  -8.1032133552106450E-002   130.19364639017101     
   5.9682033963782168E-003   4.7736468961860051E-003   1.1544000489711574E-002   5.9682038598575194E-003   4.7736478695538289E-003   1.1544002293355312E-002  -7.3352090697008682E-002   130.20760676305758     
   5.9082423604590092E-003   4.7918956913083960E-003   1.1443259281763827E-002   5.9082410850184192E-003   4.7918931647368468E-003   1.1443255213069938E-002  -6.5672771681945227E-002   130.21987991883637     
   5.8486292836923701E-003   4.8082736247476174E-003   1.1342897845842541E-002   5.8486333152973097E-003   4.8082795155834478E-003   1.1342907631774908E-002  -5.7994088895426926E-002   130.23066947832916     
   5.7898769967410927E-003   4.8227594198394837E-003   1.1243800315947738E-002   5.7898671459180985E-003   4.8227487479448484E-003   1.1243780068580695E-002  -5.0315965328871642E-002   130.24015455492858     
   5.7326385725234999E-003   4.8352352776522920E-003   1.1147051265686037E-002   5.7326547764593172E-003   4.8352488722318669E-003   1.1147081718415960E-002  -4.2638333293723560E-002   130.24849268915403     
   5.6780797769178833E-003   4.8457455826047598E-003   1.1054662012624481E-002   5.6780654839614529E-003   4.8457343890248271E-003   1.1054636718591469E-002  -3.4961133293723565E-002   130.25582243526290     
   5.6283221109380034E-003   4.8546757569918522E-003   1.0970392368226986E-002   5.6283218763178711E-003   4.8546806632598881E-003   1.0970390362742281E-002  -2.7283501258575479E-002   130.24849268915398     
   5.5853081029556481E-003   4.8615498046375334E-003   1.0897433285863315E-002   5.5853061354381676E-003   4.8615519415511309E-003   1.0897433184030865E-002  -1.9605377692020188E-002   130.24015455492852     
   5.5524995572371200E-003   4.8663399693575074E-003   1.0841746914026933E-002   5.5525595224285565E-003   4.8663310355040578E-003   1.0841847120140503E-002  -1.1926694905501887E-002   130.23066947832911     
   5.5344426195736247E-003   4.8689954623824068E-003   1.0811125437466099E-002   5.5343102112039690E-003   4.8690083159008213E-003   1.0810898112364258E-002  -4.2473758904384273E-003   130.21987991883631     
   5.5324259646272814E-003   4.8697432015014658E-003   1.0807816106628634E-002   5.5325543922485664E-003   4.8697331555906465E-003   1.0808038872197737E-002   3.4326669646593472E-003   130.20760676305744     
   5.5384221091234909E-003   4.8696389435849072E-003   1.0818181791077408E-002   5.5383677935422855E-003   4.8696423684113973E-003   1.0818086593224849E-002   1.1113533333538437E-002   130.19364639017090     
   5.5494572093862026E-003   4.8689761937903645E-003   1.0837133235093371E-002   5.5494549788536818E-003   4.8689766369226844E-003   1.0837129755445363E-002   1.8795336612265519E-002   130.17776734393357     
   5.5652365901837867E-003   4.8677478568179390E-003   1.0864174967480454E-002   5.5652469567019514E-003   4.8677471469151237E-003   1.0864193094040962E-002   2.6478205807560461E-002   130.15970656020136     
   5.5850544858783383E-003   4.8659671316166869E-003   1.0898095375280260E-002   5.5850519900486218E-003   4.8659672678993109E-003   1.0898090938566758E-002   3.4162287684733700E-002   130.13916509279468     
   5.6081741372666465E-003   4.8636526785920675E-003   1.0937631106691629E-002   5.6081735931955536E-003   4.8636527072237349E-003   1.0937630154181747E-002   4.1847749210843568E-002   130.11580327384291     
   5.6339838926518357E-003   4.8608217082366078E-003   1.0981736300730694E-002   5.6339842552819690E-003   4.8608216825038126E-003   1.0981736942913713E-002   4.9534780333554143E-002   130.08923523746364     
   5.6619565356674315E-003   4.8574951097955415E-003   1.1029510344061006E-002   5.6619564728600169E-003   4.8574951152319801E-003   1.1029510232956457E-002   5.7223597141696905E-002   130.05902272778303     
   5.6916659388916010E-003   4.8536968481707977E-003   1.1080227195948353E-002   5.6916659181371291E-003   4.8536968488141615E-003   1.1080227159326932E-002   6.4914445459807180E-002   130.02466810393574     
   5.7227810495645848E-003   4.8494538963497749E-003   1.1133325242159880E-002   5.7227810631601530E-003   4.8494538946964602E-003   1.1133325266261294E-002   7.2607604936017256E-002   129.98560644587548     
   5.7550484977507820E-003   4.8447967109339742E-003   1.1188377319802024E-002   5.7550484960862689E-003   4.8447967107118376E-003   1.1188377316650757E-002   8.0303393690752678E-002   129.94119665572597     
   5.7882785917688492E-003   4.8397595165386087E-003   1.1245066727240217E-002   5.7882785909047583E-003   4.8397595162949936E-003   1.1245066725610285E-002   8.8002173602819672E-002   129.89071144021273     
   5.8223333566374208E-003   4.8343806501262689E-003   1.1303166759213137E-002   5.8223333570441320E-003   4.8343806497901376E-003   1.1303166759835162E-002   9.5704356319829195E-002   129.83332605075671     
   5.8571168671939901E-003   4.8287029739437276E-003   1.1362524188794895E-002   5.8571168670509466E-003   4.8287029737162654E-003   1.1362524188441175E-002  0.10341041009163103        129.76810564951197     
   5.8925680632699109E-003   4.8227743347646554E-003   1.1423047044358123E-002   5.8925680631265534E-003   4.8227743345640650E-003   1.1423047044008081E-002  0.11112086753870212        129.69399116259459     
   5.9286555599713849E-003   4.8166480846615744E-003   1.1484695837786017E-002   5.9286555598755978E-003   4.8166480844832240E-003   1.1484695837525059E-002  0.11883633448243847        129.60978347679023     
   5.9653740564338635E-003   4.8103836732356769E-003   1.1547477564269670E-002   5.9653740563218429E-003   4.8103836730849052E-003   1.1547477563982745E-002  0.12655749998125057        129.51412583422129     
   6.0027420299558739E-003   4.8040473186629629E-003   1.1611441938564934E-002   6.0027420298496012E-003   4.8040473185360418E-003   1.1611441938292787E-002  0.13428514773549199        129.40548428221729     
   6.0408004577231543E-003   4.7977127682681964E-003   1.1676679427269404E-002   6.0408004576270732E-003   4.7977127681650515E-003   1.1676679427021301E-002  0.14202016904581241        129.28212604479262     
   6.0796123780053760E-003   4.7914621600130261E-003   1.1743320757065960E-002   6.0796123779192704E-003   4.7914621599347632E-003   1.1743320756842967E-002  0.14976357753379871        129.14209570003621     
   6.1192631590884531E-003   4.7853869974209696E-003   1.1811537676420573E-002   6.1192631590154447E-003   4.7853869973689261E-003   1.1811537676230171E-002  0.15751652586104595        128.98318907731709     
   6.1598613873827890E-003   4.7795892518649203E-003   1.1881544822924051E-002   6.1598613873255787E-003   4.7795892518409395E-003   1.1881544822773099E-002  0.16528032471340198        128.80292483318740     
   6.2015403204561106E-003   4.7741826075338818E-003   1.1953602608016154E-002   6.2015403204175156E-003   4.7741826075402604E-003   1.1953602607911964E-002  0.17305646435138772        128.59851372975490     
   6.2444598775661005E-003   4.7692938658706364E-003   1.2028021077549494E-002   6.2444598775493578E-003   4.7692938659100034E-003   1.2028021077500365E-002  0.18084663906605053        128.36682572956698     
   6.2888091615225170E-003   4.7650645278013741E-003   1.2105164743814425E-002   6.2888091615312053E-003   4.7650645278767270E-003   1.2105164743829534E-002  0.18865277492210486        128.10435514319349     
   6.3348095230285201E-003   4.7616525736219051E-003   1.2185458415083245E-002   6.3348095230666025E-003   4.7616525737366015E-003   1.2185458415172736E-002  0.19647706121748307        127.80718422723066     
   6.3827181931683848E-003   4.7592344619156934E-003   1.2269394074376360E-002   6.3827181932402813E-003   4.7592344620734891E-003   1.2269394074551536E-002  0.20432198614066255        127.47094583981183     
   6.4328325222653138E-003   4.7580073702895584E-003   1.2357538881442146E-002   6.4328325223759614E-003   4.7580073704946513E-003   1.2357538881715625E-002  0.21219037716459860        127.09078602702223     
   6.4854948745163036E-003   4.7581917019294418E-003   1.2450544391868915E-002   6.4854948746712378E-003   4.7581917021865244E-003   1.2450544392254827E-002  0.22008544677893763        126.66132774609103     
   6.5410982379922808E-003   4.7600338828743529E-003   1.2549157105425970E-002   6.5410982381977328E-003   4.7600338831886874E-003   1.2549157105940211E-002  0.22801084423043433        126.17663733837747     
   6.6000926189688468E-003   4.7638094753138177E-003   1.2654230472465113E-002   6.6000926192318439E-003   4.7638094756913057E-003   1.2654230473125611E-002  0.23597071401498676        125.63019585328928     
   6.6629922981635871E-003   4.7698266319120761E-003   1.2766738502521822E-002   6.6629922984920995E-003   4.7698266323593624E-003   1.2766738503348895E-002  0.24396976194299402        125.01487789548978     
   6.7303840341824397E-003   4.7784299148643959E-003   1.2887791132868795E-002   6.7303840345855175E-003   4.7784299153889606E-003   1.2887791133885518E-002  0.25201332968202683        124.32294131711286     
   6.8029363060391401E-003   4.7900045007309286E-003   1.3018651526125843E-002   6.8029363065270883E-003   4.7900045013411999E-003   1.3018651527358496E-002  0.26010747876577212        123.54603178834523     
   6.8814096915397636E-003   4.8049807876056200E-003   1.3160755474201622E-002   6.8814096921243333E-003   4.8049807883110973E-003   1.3160755475680179E-002  0.26825908514390007        122.67520702215920     
   6.9666684809317030E-003   4.8238394142793520E-003   1.3315733089509479E-002   6.9666684816263053E-003   4.8238394150907152E-003   1.3315733091268163E-002  0.27647594543106674        121.70098614939678     
   7.0596936245490519E-003   4.8471166910255244E-003   1.3485432961739190E-002   7.0596936253689620E-003   4.8471166919547360E-003   1.3485432963817009E-002  0.28476689609074918        120.61343035881769     
   7.1615971079656820E-003   4.8754104275930245E-003   1.3671948947050856E-002   7.1615971089282688E-003   4.8754104286534167E-003   1.3671948949492215E-002  0.29314194685562572        119.40226132047090     
   7.2736378367164178E-003   4.9093861248775579E-003   1.3877649733220046E-002   7.2736378378413348E-003   4.9093861260838603E-003   1.3877649736075250E-002  0.30161242973356983        118.05702395123832     
   7.3972390928077605E-003   4.9497834713137052E-003   1.4105211284948559E-002   7.3972390941170777E-003   4.9497834726819900E-003   1.4105211288274225E-002  0.31019116496758764        116.56729957519109     
   7.5340075942768063E-003   4.9974230518565529E-003   1.4357652213144251E-002   7.5340075957950475E-003   4.9974230534040511E-003   1.4357652217003424E-002  0.31889264529701894        114.92297426883451     
   7.6857541435572611E-003   5.0532131349132446E-003   1.4638372024110783E-002   7.6857541453112348E-003   5.0532131366579523E-003   1.4638372028572624E-002  0.32773323979053892        113.11456494616755     
   7.8545157861867401E-003   5.1181563490521999E-003   1.4951192081515897E-002   7.8545157882050649E-003   5.1181563510121712E-003   1.4951192086654568E-002  0.33673141836953785        111.13360234191444     
   8.0425793133973873E-003   5.1933559950870633E-003   1.5300398946436942E-002   8.0425793157095429E-003   5.1933559972792585E-003   1.5300398952329340E-002  0.34590799788938392        108.97306538207559     
   8.2525058244396782E-003   5.2800216587381476E-003   1.5690789537862595E-002   8.2525058270743381E-003   5.2800216611766475E-003   1.5690789544584281E-002  0.35528641026692132        106.62785552010273     
   8.4871559103191756E-003   5.3794736935599439E-003   1.6127717265462079E-002   8.4871559133015070E-003   5.3794736962532877E-003   1.6127717273080600E-002  0.36489299260093910        104.09529270976091     
   8.7497148225325842E-003   5.4931460331866227E-003   1.6617137914857298E-002   8.7497148258801147E-003   5.4931460361339786E-003   1.6617137923421881E-002  0.37475729848847894        101.37560730584792     
   9.0437167406540245E-003   5.6225866677647720E-003   1.7165653599410167E-002   9.0437167443705360E-003   5.6225866709505813E-003   1.7165653608936342E-002  0.38491242874907178        98.472395167644464     
   9.3730669439592434E-003   5.7694549857098560E-003   1.7780552519129130E-002   9.3730669480261309E-003   5.7694549890965905E-003   1.7780552529576821E-002  0.39539537848320871        95.392997711662673     
   9.7420603189899493E-003   5.9355150461234780E-003   1.8469841577473153E-002   9.7420603233543991E-003   5.9355150496421495E-003   1.8469841588716462E-002  0.40624739576172392        92.148765923898779     
   1.0155394194713820E-002   6.1226237215904131E-003   1.9242268097979218E-002   1.0155394199273264E-002   6.1226237251285872E-003   1.9242268109766345E-002  0.41751434522420122        88.755168675455096     
   1.0618172993285825E-002   6.3327125540371502E-003   2.0107325963483934E-002   1.0618172997868386E-002   6.3327125574245153E-003   2.0107325975386336E-002  0.42924706742245494        85.231712053050828     
   1.1135901630285940E-002   6.5677621237198985E-003   2.1075240497652848E-002   1.1135901634627200E-002   6.5677621267119651E-003   2.1075240509004198E-002  0.44150172186526232        81.601648146588843     
   1.1714464020446432E-002   6.8297677773173689E-003   2.2156925373703028E-002   1.1714464024163871E-002   6.8297677795786590E-003   2.2156925383531156E-002  0.45434009842182754        77.891468254887982     
   1.2360082489209631E-002   7.1206957376186925E-003   2.3363903855954500E-002   1.2360082491777693E-002   7.1206957387080581E-003   2.3363903862913767E-002  0.46782987809278392        74.130195184211018     
   1.3079253427855689E-002   7.4424289722843677E-003   2.4708185888786295E-002   1.3079253428586672E-002   7.4424289716467319E-003   2.4708185891103854E-002  0.48204482029724061        70.348509731293916     
   1.3878654261524742E-002   7.7967027810325147E-003   2.6202092131361165E-002   1.3878654259563512E-002   7.7967027780032842E-003   2.6202092126818132E-002  0.49706484998159572        66.577764559387191     
   1.4765016859644710E-002   8.1850309089308345E-003   2.7858016240231678E-002   1.4765016853988070E-002   8.1850309027612055E-003   2.7858016226208336E-002  0.51297601437058438        62.848951563346951     
   1.5744963073048138E-002   8.6086241245846434E-003   2.9688117824576483E-002   1.5744963062601890E-002   8.6086241144973340E-003   2.9688117798197092E-002  0.52987027651837004        59.191694271837008     
   1.6824799318965796E-002   9.0683045897135117E-003   3.1703940873293389E-002   1.6824799302652627E-002   9.0683045749979218E-003   3.1703940831706919E-002  0.54784511156895921        55.633333890717637     
   1.8010269240984256E-002   9.5644209000049496E-003   3.3915956404727644E-002   1.8010269217911882E-002   9.5644208801569219E-003   3.3915956345551078E-002  0.56700287249881731        52.198166772269445     
   1.9306266594199747E-002   1.0096770220341365E-002   3.6333033866651245E-002   1.9306266563889000E-002   1.0096770195243666E-002   3.6333033788575476E-002  0.58744989584375629        48.906874273585530     
   2.0716514701134371E-002   1.0664535199646696E-002   3.8961853489415790E-002   2.0716514663790285E-002   1.0664535169771292E-002   3.8961853392927993E-002  0.60929532522576002        45.776165920721098     
   2.2243223985528231E-002   1.1266243977498281E-002   4.1806281148161810E-002   2.2243223942313376E-002   1.1266243944090993E-002   4.1806281036272701E-002  0.63264964194506446        42.818636572373308     
   2.3886744883034310E-002   1.1899761194062835E-002   4.4866737687132383E-002   2.3886744836277323E-002   1.1899761159250438E-002   4.4866737565925380E-002  0.65762290770432685        40.042820576203944     
   2.5645239234933177E-002   1.2562316142690594E-002   4.8139604973242503E-002   2.5645239188184434E-002   1.2562316109439156E-002   4.8139604852008189E-002  0.68432274438051355        37.453412623002691     
   2.7514398197332170E-002   1.3250570886682035E-002   5.1616719562158395E-002   2.7514398155176471E-002   1.3250570858546036E-002   5.1616719452878095E-002  0.71285209866764032        35.051617009475322     
   2.9487237643419376E-002   1.3960726428653885E-002   5.5285009819253661E-002   2.9487237610985834E-002   1.3960726409297866E-002   5.5285009735285426E-002  0.74330686361600851        32.835584240934416     
   3.1554001866760210E-002   1.4688659408336050E-002   5.9126331646949505E-002   3.1554001848939764E-002   1.4688659400881874E-002   5.9126331600961951E-002  0.77577345209057647        30.800895535523498     
   3.3702202200941847E-002   1.5430076264834407E-002   6.3117550059725747E-002   3.3702202201424079E-002   1.5430076271166816E-002   6.3117550061190408E-002  0.81032643593872000        28.941060615629794     
   3.5916808568459052E-002   1.6180667574641289E-002   6.7230898092450239E-002   3.5916808588801835E-002   1.6180667594857701E-002   6.7230898145257012E-002  0.84702637605016518        27.248000867667383     
   3.8180599346070217E-002   1.6936243625470013E-002   7.1434621677955126E-002   3.8180599385071880E-002   1.6936243657654337E-002   7.1434621778841981E-002  0.88591796979177773        25.712497323812116     
   4.0474659551335078E-002   1.7692834113499614E-002   7.5693891491156531E-002   4.0474659604947831E-002   1.7692834153924666E-002   7.5693891629545998E-002  0.92702863181713446        24.324590039031943     
   4.2779001249098045E-002   1.8446740354058813E-002   7.9971933977900006E-002   4.2779001310990987E-002   1.8446740397801229E-002   7.9971934137393522E-002  0.97036760182695769        23.073921686956073     
   4.5073265704108571E-002   1.9194536853258972E-002   8.4231308243892966E-002   4.5073265766793380E-002   1.9194536895090548E-002   8.4231308405181712E-002   1.0159256401205248        21.950023255088229     
   4.7337456545410231E-002   1.9933028909128004E-002   8.8435237386693191E-002   4.7337456601655205E-002   1.9933028944471194E-002   8.8435237531183999E-002   1.0636753320442587        20.942543495300530     
   4.9552648839442347E-002   2.0659181951125906E-002   9.2548895340190340E-002   4.9552648883599025E-002   2.0659181976847577E-002   9.2548895453399699E-002   1.1135719802312936        20.041426354963825     
   5.1701621286067048E-002   2.1370044409383122E-002   9.6540554723774263E-002   5.1701621314964114E-002   2.1370044424244134E-002   9.6540554797620873E-002   1.1655550237919030        19.237042148831694     
   5.3769367414118523E-002   2.2062687398809816E-002  0.10038251687376563        5.3769367427327332E-002   2.2062687403472243E-002  0.10038251690725844        1.2195498908787112        18.520278944150135     
   5.5743455291259299E-002   2.2734180801871312E-002  0.10405176967912860        5.5743455290739534E-002   2.2734180798476559E-002  0.10405176967745190        1.2754701686267595        17.882600735739366     
   5.7614221778753111E-002   2.3381617096083735E-002  0.10753034826699077        5.7614221768061580E-002   2.3381617087534664E-002  0.10753034823943559        1.3332199639857467        17.316078676707878     
   5.9374804322829280E-002   2.4002183341351672E-002  0.11080540365560645        5.9374804306159053E-002   2.4002183330525166E-002  0.11080540361303769        1.3926963302616566        16.813401063558857     
   6.1021028319570451E-002   2.4593270726087184E-002  0.11386901106821329        6.1021028300872235E-002   2.4593270715222337E-002  0.11386901102075485        1.4537916455775228        16.367867075076752     
   6.2551179297897705E-002   2.5152602657321974E-002  0.11671776936706928        6.2551179280255040E-002   2.5152602647746814E-002  0.11671776932249144        1.5163958482306883        15.973368521920422     
   6.3965695352328614E-002   2.5678358565445637E-002  0.11935225403702683        6.3965695337659598E-002   2.5678358557652176E-002  0.11935225400003867        1.5803984569209168        15.624363138696115     
   6.5266816167208516E-002   2.6169272084822087E-002  0.12177638794646013        6.5266816156280050E-002   2.6169272078757595E-002  0.12177638791884096        1.6456903280262249        15.315842279770454     
   6.6458221290315395E-002   2.6624688293703336E-002  0.12399678795673641        6.6458221282989990E-002   2.6624688289092206E-002  0.12399678793804637        1.7121651250108005        15.043295284256905     
   6.7544683456323210E-002   2.7044573314057210E-002  0.12602213378008084        6.7544683451920454E-002   2.7044573310617874E-002  0.12602213376860746        1.7797204948981782        14.802672262280751     
   6.8531754498125680E-002   2.7429478384800223E-002  0.12786259130479444        6.8531754495776753E-002   2.7429478382322462E-002  0.12786259129842348        1.8482589625443515        14.590346623482375     
   6.9425493376850708E-002   2.7780467457226427E-002  0.12952930873044763        6.9425493375757874E-002   2.7780467455554632E-002  0.12952930872726495        1.9176885648951572        14.403078314453245     
   7.0232239294687721E-002   2.8099021234558728E-002  0.13103399230569637        7.0232239294255788E-002   2.8099021233549414E-002  0.13103399230427340        1.9879232547258601        14.237978446412299     
   7.0958428275831778E-002   2.8386931250889300E-002  0.13238856020217130        7.0958428275689267E-002   2.8386931250387798E-002  0.13238856020159881        2.0588831070900619        14.092475768797996     
   7.1610448978470756E-002   2.8646195747113981E-002  0.13360486809157146        7.1610448978425542E-002   2.8646195746959469E-002  0.13360486809135330        2.1304943625686543        13.964285269358880     
   7.2194532429706207E-002   2.8878925844208429E-002  0.13469449769247646        7.2194532429680575E-002   2.8878925844254028E-002  0.13469449769238412        2.2026893401610033        13.851379048090118     
   7.2716670316262194E-002   2.9087266912382340E-002  0.13566859905202219        7.2716670316236465E-002   2.9087266912513576E-002  0.13566859905197060        2.2754062499979053        13.751959513171258     
   7.3182556927599146E-002   2.9273336873428955E-002  0.13653777782253548        7.3182556927574999E-002   2.9273336873571348E-002  0.13653777782250157        2.3485889325705829        13.664434875107256     
   7.3597550488205210E-002   2.9439180857553194E-002  0.13731201970087639        7.3597550488187405E-002   2.9439180857668706E-002  0.13731201970085621        2.4221865473272217        13.587396864784845     
   7.3966650240335427E-002   2.9586740239407834E-002  0.13800064517906876        7.3966650240325740E-002   2.9586740239484866E-002  0.13800064517906069        2.4961532296282383        13.519600567325366     
   7.4294486173821880E-002   2.9717833463030748E-002  0.13861228866070421        7.4294486173819022E-002   2.9717833463072853E-002  0.13861228866070477        2.5704477314027985        13.459946242514784     
   7.4585318741459988E-002   2.9834146003630584E-002  0.13915489679558640        7.4585318741461251E-002   2.9834146003647411E-002  0.13915489679559134        2.6450330575504113        13.407462991056548     
   7.4843046270283764E-002   2.9937227076893509E-002  0.13963574159213263        7.4843046270286512E-002   2.9937227076895102E-002  0.13963574159213824        2.7198761072515456        13.361294121407830     
   7.5071218106360790E-002   3.0028491112315536E-002  0.14006144450926974        7.5071218106363247E-002   3.0028491112309728E-002  0.14006144450927371        2.7949473269091598        13.320684072548861     
   7.5273051830436713E-002   3.0109222435966209E-002  0.14043800832407666        7.5273051830437990E-002   3.0109222435958035E-002  0.14043800832407810        2.8702203794244650        13.284966752167646     
   7.5451453160688631E-002   3.0180581994536836E-002  0.14077085412325763        7.5451453160688575E-002   3.0180581994528954E-002  0.14077085412325657        2.9456718328806168        13.253555156245472     
   7.5609037416863256E-002   3.0243615270250202E-002  0.14106486127243412        7.5609037416862104E-002   3.0243615270243704E-002  0.14106486127243123        3.0212808704222476        13.225932144016440     
   7.5748151653940179E-002   3.0299260782594310E-002  0.14132440867103915        7.5748151653938292E-002   3.0299260782589384E-002  0.14132440867103513        3.0970290221279666        13.201642251087385     
   7.5870896779801786E-002   3.0348358756803702E-002  0.14155341599715979        7.5870896779799551E-002   3.0348358756800132E-002  0.14155341599715526        3.1728999189290992        13.180284432661056     
   7.5979149148269351E-002   3.0391659673192743E-002  0.14175538398392948        7.5979149148267047E-002   3.0391659673190217E-002  0.14175538398392495        3.2488790680863051        13.161505637960387     
   7.6074581266259753E-002   3.0429832508069656E-002  0.14193343304837222        7.6074581266257574E-002   3.0429832508067866E-002  0.14193343304836800        3.3249536493565786        13.144995125865469     
   7.6158681373361903E-002   3.0463472546129636E-002  0.14209033981907637        7.6158681373359960E-002   3.0463472546128356E-002  0.14209033981907268        3.4011123307320461        13.130479440287756     
   7.6232771746599107E-002   3.0493108693611371E-002  0.14222857128665173        7.6232771746597441E-002   3.0493108693610438E-002  0.14222857128664856        3.4773451024800290        13.117717971817797     
   7.6298025655903740E-002   3.0519210256660111E-002  0.14235031643736318        7.6298025655902352E-002   3.0519210256659421E-002  0.14235031643736057        3.5536431281370504        13.106499039637624     
   7.6355482950381692E-002   3.0542193174205694E-002  0.14245751533246109        7.6355482950380554E-002   3.0542193174205170E-002  0.14245751533245896        3.6299986110884546        13.096636434562827     
   7.6406064295127141E-002   3.0562425712014910E-002  0.14255188566993313        7.6406064295126239E-002   3.0562425712014514E-002  0.14255188566993146        3.7064046753845710        13.087966370371300     
   7.6450584106163538E-002   3.0580233636396708E-002  0.14263494691737733        7.6450584106162831E-002   3.0580233636396406E-002  0.14263494691737602        3.7828552594917131        13.080344796300656     
   7.6489762249621562E-002   3.0595904893766981E-002  0.14270804213931326        7.6489762249621021E-002   3.0595904893766745E-002  0.14270804213931224        3.8593450217423100        13.073645028778975     
   7.6524234582678000E-002   3.0609693826983576E-002  0.14277235766355786        7.6524234582677583E-002   3.0609693826983402E-002  0.14277235766355709        3.9358692563259625        13.067755665126590     
   7.6554562419835520E-002   3.0621824961843142E-002  0.14282894074259705        7.6554562419835201E-002   3.0621824961843010E-002  0.14282894074259647        4.0124238187467727        13.062578746164546     
   7.6581241010238166E-002   3.0632496398001752E-002  0.14287871536983371        7.6581241010237930E-002   3.0632496398001655E-002  0.14287871536983326        4.0890050597579854        13.058028138425977     
   7.6604707110994402E-002   3.0641882838302270E-002  0.14292249640924437        7.6604707110994222E-002   3.0641882838302197E-002  0.14292249640924404        4.1656097668699550        13.054028110026545     
   7.6625345738795300E-002   3.0650138289420960E-002  0.14296100219196986        7.6625345738795175E-002   3.0650138289420908E-002  0.14296100219196964        4.2422351126097260        13.050512077245637     
   7.6643496178118886E-002   3.0657398465148939E-002  0.14299486572590769        7.6643496178118803E-002   3.0657398465148901E-002  0.14299486572590756        4.3188786087888209        13.047421501535860     
   7.6659457319510127E-002   3.0663782921704161E-002  0.14302464465541750        7.6659457319510071E-002   3.0663782921704137E-002  0.14302464465541742        4.3955380661093066        13.044704919046767     
   7.6673492396187010E-002   3.0669396952373789E-002  0.14305083009847450        7.6673492396186968E-002   3.0669396952373775E-002  0.14305083009847444        4.4722115585064701        13.042317086850209     
   7.6685833181816487E-002   3.0674333266624606E-002  0.14307385447852028        7.6685833181816473E-002   3.0674333266624599E-002  0.14307385447852025        4.5488973916892625        13.040218231917001     
   7.6696683706925103E-002   3.0678673476667192E-002  0.14309409845822285        7.6696683706925103E-002   3.0678673476667188E-002  0.14309409845822282        4.6255940753971645        13.038373390543049     
   7.6706223546185920E-002   3.0682489412370752E-002  0.14311189707261504        7.6706223546185920E-002   3.0682489412370752E-002  0.14311189707261504        4.7023002989443272        13.036751827381446     
   7.6714610723851676E-002   3.0685844283436389E-002  0.14312754514980278        7.6714610723851676E-002   3.0685844283436389E-002  0.14312754514980280        4.7790149096691552        13.035326524525457     
   7.6721984279930544E-002   3.0688793705867353E-002  0.14314130209871562        7.6721984279930558E-002   3.0688793705867357E-002  0.14314130209871562        4.8557368939500627        13.034073732225608     
   7.6728466535359752E-002   3.0691386608038509E-002  0.14315339613527348        7.6728466535359766E-002   3.0691386608038523E-002  0.14315339613527350        4.9324653604863995        13.032972573828593     
   7.6734165090435472E-002   3.0693666030068362E-002  0.14316402801088610        7.6734165090435458E-002   3.0693666030068345E-002  0.14316402801088607        5.0091995255778121        13.032004698411894     
   7.6739174587100570E-002   3.0695669828734021E-002  0.14317337430037844        7.6739174587100639E-002   3.0695669828734021E-002  0.14317337430037852        5.0859387001658893        13.031153975369476     
   7.6743578262369688E-002   3.0697431298841126E-002  0.14318159030023753        7.6743578262369827E-002   3.0697431298841348E-002  0.14318159030023783        5.1626822784292363        13.030406225892717     
   7.6747449317162889E-002   3.0698979720758496E-002  0.14318881258246599        7.6747449317162098E-002   3.0698979720757944E-002  0.14318881258246452        5.2394297277473756        13.029748986897616     
   7.6750852122103405E-002   3.0700340842734992E-002  0.14319516124425571        7.6750852122104571E-002   3.0700340842734663E-002  0.14319516124425716        5.3161805798704576        13.029171303484000     
   7.6753843279431633E-002   3.0701537305661233E-002  0.14320074188921111        7.6753843279436101E-002   3.0701537305667038E-002  0.14320074188922138        5.3929344231508711        13.028663546483138     
   7.6756472557985206E-002   3.0702589017090401E-002  0.14320564737177108        7.6756472557961392E-002   3.0702589017076946E-002  0.14320564737172714        5.4696908957098094        13.028217252064771     
   7.6758783716036200E-002   3.0703513480329084E-002  0.14320995933237995        7.6758783716061166E-002   3.0703513480316674E-002  0.14320995933241040        5.5464496794268481        13.027824980739329     
   7.6760815225869861E-002   3.0704326084151405E-002  0.14321374954924387        7.6760815226028636E-002   3.0704326084303499E-002  0.14321374954957827        5.6232104946538541        13.027480193412293     
   7.6762600912150411E-002   3.0705040358800596E-002  0.14321708112966428        7.6762600911460810E-002   3.0705040358476224E-002  0.14321708112839884        5.6999730955662926        13.027177142430135     
   7.6764170507651039E-002   3.0705668197510482E-002  0.14322000954676647        7.6764170508061502E-002   3.0705668197116377E-002  0.14322000954719954        5.7767372660753313        13.026910775805913     
   7.6765550151651013E-002   3.0706220052796631E-002  0.14322258356725184        7.6765550156998097E-002   3.0706220056690905E-002  0.14322258357792980        5.8535028162333065        13.026676653031281     
   7.6766762857746709E-002   3.0706705137254143E-002  0.14322484613051983        7.6766762838876387E-002   3.0706705129442124E-002  0.14322484609583416        5.9302695790731601        13.026470871073995     
   7.6767828752283898E-002   3.0707131506540333E-002  0.14322683479172088        7.6767828755444231E-002   3.0707131496069177E-002  0.14322683479160214        6.0070374078295821        13.026289999329318     
   7.6768765482260026E-002   3.0707506158097045E-002  0.14322858244500930        7.6768765665292199E-002   3.0707506260008292E-002  0.14322858279768994        6.0838061734958515        13.026131022442337     
   7.6769589670710098E-002   3.0707835856543565E-002  0.14323012014807088        7.6769589179073505E-002   3.0707835665520749E-002  0.14323011923911619        6.1605757626759026        13.025991290049225     
   7.6770313402896417E-002   3.0708125516504002E-002  0.14323147050936799        7.6770313019107819E-002   3.0708125201534413E-002  0.14323146971780876        6.2373460756959878        13.025868472600509     
   7.6770944522215542E-002   3.0708377447775749E-002  0.14323264777533706        7.6770949247652959E-002   3.0708379692952422E-002  0.14323265673849442        6.3141170249446184        13.025760522530478     
   7.6771520165984403E-002   3.0708608386635243E-002  0.14323372202820014        7.6771508467615962E-002   3.0708603380937574E-002  0.14323370008316821        6.3908885334132117        13.025665640126018     
   7.6771984600305515E-002   3.0708793841725045E-002  0.14323458843377343        7.6771999999023163E-002   3.0708799993500419E-002  0.14323461714033653        6.4676605334132127        13.025582243526189     
   7.6772011798030268E-002   3.0708804376569886E-002  0.14323463900937050        7.6771999999022608E-002   3.0708799993500197E-002  0.14323461714033547        6.5444325334132127        13.025582243526284     
   7.6771995236606508E-002   3.0708798441883702E-002  0.14323460839018270        7.6771999999022608E-002   3.0708799993500197E-002  0.14323461714033547        6.6212045334132128        13.025582243526284     
   7.6772000339814878E-002   3.0708799978126457E-002  0.14323461772659005        7.6771999999022608E-002   3.0708799993500197E-002  0.14323461714033547        6.6979765334132129        13.025582243526284     
   7.6772000514217800E-002   3.0708800197552153E-002  0.14323461809535987        7.6771999999022608E-002   3.0708799993500197E-002  0.14323461714033547        6.7747485334132129        13.025582243526284     
   7.6771999827037612E-002   3.0708799954557914E-002  0.14323461683112815        7.6771999999022608E-002   3.0708799993500197E-002  0.14323461714033547        6.8515205334132130        13.025582243526284     
   7.6771999986388686E-002   3.0708799978462386E-002  0.14323461711417226        7.6771999999022608E-002   3.0708799993500197E-002  0.14323461714033547        6.9282925334132131        13.025582243526284     
   7.6772000018374212E-002   3.0708799999950975E-002  0.14323461717542654        7.6771999999022608E-002   3.0708799993500197E-002  0.14323461714033547        7.0050645334132131        13.025582243526284     
   7.6771999994960941E-002   3.0708799993654272E-002  0.14323461713339089        7.6771999999022608E-002   3.0708799993500197E-002  0.14323461714033547        7.0818365334132132        13.025582243526284     
   7.6771999998139398E-002   3.0708799992768768E-002  0.14323461713864843        7.6771999999022608E-002   3.0708799993500197E-002  0.14323461714033547        7.1586085334132132        13.025582243526284     
   7.6771999999684315E-002   3.0708799993649102E-002  0.14323461714149849        7.6771999999022608E-002   3.0708799993500197E-002  0.14323461714033547        7.2353805334132133        13.025582243526284     
   7.6771999998935678E-002   3.0708799993547947E-002  0.14323461714019731        7.6771999999022608E-002   3.0708799993500197E-002  0.14323461714033547        7.3121525334132134        13.025582243526284     
   7.6771999998979185E-002   3.0708799993472886E-002  0.14323461714025712        7.6771999999022608E-002   3.0708799993500197E-002  0.14323461714033547        7.3889245334132134        13.025582243526284     
   7.6771999999043078E-002   3.0708799993501235E-002  0.14323461714037000        7.6771999999022608E-002   3.0708799993500197E-002  0.14323461714033547        7.4656965334132135        13.025582243526284     
   7.6771999999021442E-002   3.0708799993503007E-002  0.14323461714033392        7.6771999999022608E-002   3.0708799993500197E-002  0.14323461714033547        7.5424685334132135        13.025582243526284     
   7.6771999999020860E-002   3.0708799993499396E-002  0.14323461714033250        7.6771999999022608E-002   3.0708799993500197E-002  0.14323461714033547        7.6192405334132136        13.025582243526284     
   7.6771999999023205E-002   3.0708799993500079E-002  0.14323461714033645        7.6771999999022608E-002   3.0708799993500197E-002  0.14323461714033547        7.6960125334132137        13.025582243526284     
   7.6771999999022622E-002   3.0708799993500315E-002  0.14323461714033550        7.6771999999022608E-002   3.0708799993500197E-002  0.14323461714033547        7.7727845334132137        13.025582243526284     
   7.6771999999022553E-002   3.0708799993500180E-002  0.14323461714033536        7.6771999999022608E-002   3.0708799993500197E-002  0.14323461714033547        7.8495565334132138        13.025582243526284     
   7.6771999999022622E-002   3.0708799993500187E-002  0.14323461714033550        7.6771999999022608E-002   3.0708799993500197E-002  0.14323461714033547        7.9263285334132139        13.025582243526284     
   7.6771999999022608E-002   3.0708799993500204E-002  0.14323461714033547        7.6771999999022608E-002   3.0708799993500197E-002  0.14323461714033547        8.0031005334132139        13.025582243526284     
   7.6771999999022608E-002   3.0708799993500197E-002  0.14323461714033547        7.6771999999022608E-002   3.0708799993500197E-002  0.14323461714033547        8.0798725334132140        13.025582243526284     
   7.6771999999022608E-002   3.0708799993500194E-002  0.14323461714033547        7.6771999999022608E-002   3.0708799993500197E-002  0.14323461714033547        8.1566445334132140        13.025582243526284     
   7.6771999999022608E-002   3.0708799993500197E-002  0.14323461714033547        7.6771999999022608E-002   3.0708799993500197E-002  0.14323461714033547        8.2334165334132141        13.025582243526284     
   7.6771999999022608E-002   3.0708799993500197E-002  0.14323461714033547        7.6771999999022608E-002   3.0708799993500197E-002  0.14323461714033547        8.3101885334132142        13.025582243526284     
   7.6771999999022608E-002   3.0708799993500197E-002  0.14323461714033547        7.6771999999022608E-002   3.0708799993500197E-002  0.14323461714033547        8.3869605334132142        13.025582243526284     
   7.6771999999022608E-002   3.0708799993500197E-002  0.14323461714033547        7.6771999999022608E-002   3.0708799993500197E-002  0.14323461714033547        8.4637325334132143        13.025582243526284     
   7.6771999999022608E-002   3.0708799993500197E-002  0.14323461714033547        7.6771999999022608E-002   3.0708799993500197E-002  0.14323461714033547        8.5405045334132144        13.025582243526284     
   7.6771999999022608E-002   3.0708799993500197E-002  0.14323461714033547        7.6771999999022608E-002   3.0708799993500197E-002  0.14323461714033547        8.6172765334132144        13.025582243526284     
   7.6771999999022608E-002   3.0708799993500197E-002  0.14323461714033547        7.6771999999022608E-002   3.0708799993500197E-002  0.14323461714033547        8.6940485334132145        13.025582243526284     
   7.6771999999022608E-002   3.0708799993500197E-002  0.14323461714033547        7.6771999999022608E-002   3.0708799993500197E-002  0.14323461714033547        8.7708205334132145        13.025582243526284     
   7.6771999999022608E-002   3.0708799993500197E-002  0.14323461714033547        7.6771999999022608E-002   3.0708799993500197E-002  0.14323461714033547        8.8475925334132146        13.025582243526284     
   7.6771999999022608E-002   3.0708799993500197E-002  0.14323461714033547        7.6771999999022608E-002   3.0708799993500197E-002  0.14323461714033547        8.9243645334132147        13.025582243526284     
   7.6771999999022608E-002   3.0708799993500197E-002  0.14323461714033547        7.6771999999022608E-002   3.0708799993500197E-002  0.14323461714033547        9.0011365334132147        13.025582243526284     
   7.6771999999022608E-002   3.0708799993500197E-002  0.14323461714033547        7.6771999999022608E-002   3.0708799993500197E-002  0.14323461714033547        9.0779085334132148        13.025582243526284     
   7.6771999999022608E-002   3.0708799993500197E-002  0.14323461714033547        7.6771999999022608E-002   3.0708799993500197E-002  0.14323461714033547        9.1546805334132149        13.025582243526284     
   7.6771999999022608E-002   3.0708799993500197E-002  0.14323461714033547        7.6771999999022608E-002   3.0708799993500197E-002  0.14323461714033547        9.2314525334132149        13.025582243526284     
   7.6771999999022608E-002   3.0708799993500197E-002  0.14323461714033547        7.6771999999022608E-002   3.0708799993500197E-002  0.14323461714033547        9.3082245334132150        13.025582243526284     
   7.6771999999022608E-002   3.0708799993500197E-002  0.14323461714033547        7.6771999999022608E-002   3.0708799993500197E-002  0.14323461714033547        9.3849965334132150        13.025582243526284     
   7.6771999999022608E-002   3.0708799993500197E-002  0.14323461714033547        7.6771999999022608E-002   3.0708799993500197E-002  0.14323461714033547        9.4617685334132151        13.025582243526284     
   7.6771999999022608E-002   3.0708799993500197E-002  0.14323461714033547        7.6771999999022608E-002   3.0708799993500197E-002  0.14323461714033547        9.5385405334132152        13.025582243526284     
   7.6771999999022608E-002   3.0708799993500197E-002  0.14323461714033547        7.6771999999022608E-002   3.0708799993500197E-002  0.14323461714033547        9.6153125334132152        13.025582243526284     
   7.6771999999022608E-002   3.0708799993500194E-002  0.14323461714033547        7.6771999999022608E-002   3.0708799993500197E-002  0.14323461714033547        9.6920845334132153        13.025582243526284     
   7.6771999999022608E-002   3.0708799993500197E-002  0.14323461714033547        7.6771999999022608E-002   3.0708799993500197E-002  0.14323461714033547        9.7688565334132154        13.025582243526284     
   7.6771999999022608E-002   3.0708799993500197E-002  0.14323461714033547        7.6771999999022608E-002   3.0708799993500197E-002  0.14323461714033547        9.8456285334132154        13.025582243526284     
   7.6771999999022608E-002   3.0708799993500197E-002  0.14323461714033547        7.6771999999022608E-002   3.0708799993500197E-002  0.14323461714033547        9.9224005334132155        13.025582243526284     
   7.6771999999022608E-002   3.0708799993500197E-002  0.14323461714033547        7.6771999999022608E-002   3.0708799993500197E-002  0.14323461714033547        9.9991725334132155        13.025582243526284     
